Timestamp,Object Temperature(F),Heart Rate Ear(BPM),GSR,Weighted_Stress,QuantityIndex_Stress,StressIndex_Level,Condition
0 days 00:00:00,79.93,95.0,427.0,0.68451,1.6657955483968596,Medium,Base
0 days 00:01:00,80.04,95.0,427.0,0.68473,1.6662170378746193,Medium,Base
0 days 00:02:00,80.04,95.0,427.0,0.68473,1.6662170378746193,Medium,Base
0 days 00:03:00,80.04,95.0,427.0,0.68473,1.6662170378746193,Medium,Base
0 days 00:04:00,80.15,95.0,427.0,0.68495,1.6666386340001489,Medium,Base
0 days 00:05:00,80.15,95.0,427.0,0.68495,1.6666386340001489,Medium,Base
0 days 00:06:00,80.26,95.0,426.0,0.68472,1.6652521637919535,Medium,Base
0 days 00:07:00,80.26,102.0,426.0,0.70922,1.7104034195160331,High,Base
0 days 00:08:00,80.26,102.0,426.0,0.70922,1.7104034195160331,High,Base
0 days 00:09:00,80.38,102.0,426.0,0.70946,1.7108755446831152,High,Base
0 days 00:10:00,80.38,102.0,426.0,0.70946,1.7108755446831152,High,Base
0 days 00:11:00,80.38,102.0,426.0,0.70946,1.7108755446831152,High,Base
0 days 00:12:00,80.38,102.0,426.0,0.70946,1.7108755446831152,High,Base
0 days 00:13:00,80.38,102.0,426.0,0.70946,1.7108755446831152,High,Base
0 days 00:14:00,80.49,102.0,426.0,0.70968,1.7113084405691288,High,Base
0 days 00:15:00,80.49,101.0,426.0,0.70618,1.7047806198101818,High,Base
0 days 00:16:00,80.49,101.0,426.0,0.70618,1.7047806198101818,High,Base
0 days 00:17:00,80.49,101.0,426.0,0.70618,1.7047806198101818,High,Base
0 days 00:18:00,80.6,101.0,426.0,0.7064,1.7052119735221247,High,Base
0 days 00:19:00,80.49,101.0,426.0,0.70618,1.7047806198101818,High,Base
0 days 00:20:00,80.6,101.0,426.0,0.7064,1.7052119735221247,High,Base
0 days 00:21:00,80.6,101.0,426.0,0.7064,1.7052119735221247,High,Base
0 days 00:22:00,80.6,96.0,425.0,0.68845,1.6711217721646814,Medium,Base
0 days 00:23:00,80.6,96.0,425.0,0.68845,1.6711217721646814,Medium,Base
0 days 00:24:00,80.6,96.0,426.0,0.6889,1.6729363185427084,Medium,Base
0 days 00:25:00,80.71,96.0,426.0,0.68912,1.6733596148205179,Medium,Base
0 days 00:26:00,80.71,96.0,426.0,0.68912,1.6733596148205179,Medium,Base
0 days 00:27:00,80.71,96.0,425.0,0.68867,1.6715446093151953,Medium,Base
0 days 00:28:00,80.71,96.0,425.0,0.68867,1.6715446093151953,Medium,Base
0 days 00:29:00,80.71,96.0,425.0,0.68867,1.6715446093151953,Medium,Base
0 days 00:30:00,80.82,96.0,425.0,0.68889,1.671967553454475,Medium,Base
0 days 00:31:00,80.82,89.0,425.0,0.66439,1.6278309283127013,Medium,Base
0 days 00:32:00,80.82,89.0,425.0,0.66439,1.6278309283127013,Medium,Base
0 days 00:33:00,80.82,89.0,425.0,0.66439,1.6278309283127013,Medium,Base
0 days 00:34:00,80.82,89.0,425.0,0.66439,1.6278309283127013,Medium,Base
0 days 00:35:00,80.82,89.0,425.0,0.66439,1.6278309283127013,Medium,Base
0 days 00:36:00,80.82,89.0,425.0,0.66439,1.6278309283127013,Medium,Base
0 days 00:37:00,80.82,89.0,425.0,0.66439,1.6278309283127013,Medium,Base
0 days 00:38:00,80.94,101.0,425.0,0.70663,1.7046949378217908,High,Base
0 days 00:39:00,80.94,101.0,425.0,0.70663,1.7046949378217908,High,Base
0 days 00:40:00,80.94,101.0,425.0,0.70663,1.7046949378217908,High,Base
0 days 00:41:00,80.94,101.0,425.0,0.70663,1.7046949378217908,High,Base
0 days 00:42:00,80.94,101.0,425.0,0.70663,1.7046949378217908,High,Base
0 days 00:43:00,80.94,101.0,425.0,0.70663,1.7046949378217908,High,Base
0 days 00:44:00,80.94,101.0,424.0,0.70618,1.7028459445332957,High,Base
0 days 00:45:00,81.05,101.0,424.0,0.7064,1.703276808722216,High,Base
0 days 00:46:00,80.94,98.0,424.0,0.69568,1.683433560942813,High,Base
0 days 00:47:00,81.05,98.0,424.0,0.6959,1.683859513295206,High,Base
0 days 00:48:00,81.05,98.0,424.0,0.6959,1.683859513295206,High,Base
0 days 00:49:00,81.05,98.0,424.0,0.6959,1.683859513295206,High,Base
0 days 00:50:00,81.05,98.0,424.0,0.6959,1.683859513295206,High,Base
0 days 00:51:00,81.05,98.0,424.0,0.6959,1.683859513295206,High,Base
0 days 00:52:00,81.05,98.0,424.0,0.6959,1.683859513295206,High,Base
0 days 00:53:00,81.05,98.0,424.0,0.6959,1.683859513295206,High,Base
0 days 00:54:00,81.05,92.0,424.0,0.6749,1.6456864684301469,Medium,Base
0 days 00:55:00,81.05,92.0,424.0,0.6749,1.6456864684301469,Medium,Base
0 days 00:56:00,81.05,92.0,424.0,0.6749,1.6456864684301469,Medium,Base
0 days 00:57:00,81.05,92.0,424.0,0.6749,1.6456864684301469,Medium,Base
0 days 00:58:00,81.16,92.0,424.0,0.67512,1.6461028697891267,Medium,Base
0 days 00:59:00,81.16,92.0,424.0,0.67512,1.6461028697891267,Medium,Base
0 days 01:00:00,81.16,92.0,424.0,0.67512,1.6461028697891267,Medium,Base
0 days 01:01:00,81.16,98.0,424.0,0.69612,1.6842855734245916,High,Base
0 days 01:02:00,81.16,98.0,424.0,0.69612,1.6842855734245916,High,Base
0 days 01:03:00,81.16,98.0,424.0,0.69612,1.6842855734245916,High,Base
0 days 01:04:00,81.16,98.0,424.0,0.69612,1.6842855734245916,High,Base
0 days 01:05:00,81.16,98.0,424.0,0.69612,1.6842855734245916,High,Base
0 days 01:06:00,81.16,98.0,424.0,0.69612,1.6842855734245916,High,Base
0 days 01:07:00,81.16,98.0,424.0,0.69612,1.6842855734245916,High,Base
0 days 01:08:00,81.16,98.0,424.0,0.69612,1.6842855734245916,High,Base
0 days 01:09:00,81.16,96.0,424.0,0.68912,1.6714605977631247,Medium,Base
0 days 01:10:00,81.27,96.0,424.0,0.68934,1.6718835206453029,Medium,Base
0 days 01:11:00,81.27,96.0,424.0,0.68934,1.6718835206453029,Medium,Base
0 days 01:12:00,81.27,96.0,424.0,0.68934,1.6718835206453029,Medium,Base
0 days 01:13:00,81.27,96.0,423.0,0.68889,1.6700701161819982,Medium,Base
0 days 01:14:00,81.27,96.0,423.0,0.68889,1.6700701161819982,Medium,Base
0 days 01:15:00,81.27,96.0,423.0,0.68889,1.6700701161819982,Medium,Base
0 days 01:16:00,81.27,98.0,423.0,0.69589,1.6828844227960107,High,Base
0 days 01:17:00,81.27,98.0,423.0,0.69589,1.6828844227960107,High,Base
0 days 01:18:00,81.27,98.0,423.0,0.69589,1.6828844227960107,High,Base
0 days 01:19:00,81.27,98.0,423.0,0.69589,1.6828844227960107,High,Base
0 days 01:20:00,81.27,98.0,423.0,0.69589,1.6828844227960107,High,Base
0 days 01:21:00,81.27,98.0,423.0,0.69589,1.6828844227960107,High,Base
0 days 01:22:00,81.39,98.0,423.0,0.69613,1.6833489518540252,High,Base
0 days 01:23:00,81.39,102.0,423.0,0.71013,1.7092804447089627,High,Base
0 days 01:24:00,81.39,102.0,423.0,0.71013,1.7092804447089627,High,Base
0 days 01:25:00,81.39,102.0,423.0,0.71013,1.7092804447089627,High,Base
0 days 01:26:00,81.39,102.0,423.0,0.71013,1.7092804447089627,High,Base
0 days 01:29:00,81.39,102.0,423.0,0.71013,1.7092804447089627,High,Base
0 days 01:30:00,81.39,102.0,423.0,0.71013,1.7092804447089627,High,Base
0 days 01:31:00,81.39,102.0,423.0,0.71013,1.7092804447089627,High,Base
0 days 01:32:00,81.39,102.0,423.0,0.71013,1.7092804447089627,High,Base
0 days 01:33:00,81.39,98.0,423.0,0.69613,1.6833489518540252,High,Base
0 days 01:34:00,81.39,98.0,423.0,0.69613,1.6833489518540252,High,Base
0 days 01:35:00,81.39,98.0,423.0,0.69613,1.6833489518540252,High,Base
0 days 01:36:00,81.39,98.0,423.0,0.69613,1.6833489518540252,High,Base
0 days 01:37:00,81.39,98.0,423.0,0.69613,1.6833489518540252,High,Base
0 days 01:38:00,81.39,98.0,423.0,0.69613,1.6833489518540252,High,Base
0 days 01:39:00,81.39,98.0,422.0,0.69568,1.6815231114381732,Medium,Base
0 days 01:40:00,81.39,98.0,422.0,0.69568,1.6815231114381732,Medium,Base
0 days 01:41:00,81.39,97.0,422.0,0.69218,1.6751089074213654,Medium,Base
0 days 01:42:00,81.39,97.0,422.0,0.69218,1.6751089074213654,Medium,Base
0 days 01:43:00,81.5,97.0,422.0,0.6924,1.6755327534205096,Medium,Base
0 days 01:44:00,81.5,97.0,422.0,0.6924,1.6755327534205096,Medium,Base
0 days 01:45:00,81.5,97.0,422.0,0.6924,1.6755327534205096,Medium,Base
0 days 01:46:00,81.5,97.0,422.0,0.6924,1.6755327534205096,Medium,Base
0 days 01:47:00,81.5,97.0,422.0,0.6924,1.6755327534205096,Medium,Base
0 days 01:48:00,81.5,99.0,422.0,0.6994,1.6883889743875884,High,Base
0 days 01:49:00,81.5,99.0,422.0,0.6994,1.6883889743875884,High,Base
0 days 01:50:00,81.5,99.0,422.0,0.6994,1.6883889743875884,High,Base
0 days 01:51:00,81.5,99.0,422.0,0.6994,1.6883889743875884,High,Base
0 days 01:52:00,81.5,99.0,422.0,0.6994,1.6883889743875884,High,Base
0 days 01:53:00,81.61,99.0,422.0,0.69962,1.6888161805881061,High,Base
0 days 01:54:00,81.61,99.0,422.0,0.69962,1.6888161805881061,High,Base
0 days 01:55:00,81.61,99.0,422.0,0.69962,1.6888161805881061,High,Base
0 days 01:56:00,81.61,94.0,422.0,0.68212,1.6568508594346711,Medium,Base
0 days 01:57:00,81.61,94.0,422.0,0.68212,1.6568508594346711,Medium,Base
0 days 01:58:00,81.61,94.0,422.0,0.68212,1.6568508594346711,Medium,Base
0 days 01:59:00,81.61,94.0,422.0,0.68212,1.6568508594346711,Medium,Base
0 days 02:00:00,81.61,94.0,422.0,0.68212,1.6568508594346711,Medium,Base
0 days 02:01:00,81.61,94.0,422.0,0.68212,1.6568508594346711,Medium,Base
0 days 02:02:00,81.61,94.0,422.0,0.68212,1.6568508594346711,Medium,Base
0 days 02:03:00,81.61,94.0,422.0,0.68212,1.6568508594346711,Medium,Base
0 days 02:04:00,81.61,94.0,422.0,0.68212,1.6568508594346711,Medium,Base
0 days 02:05:00,81.72,94.0,422.0,0.68234,1.6572700856741345,Medium,Base
0 days 02:06:00,81.72,94.0,422.0,0.68234,1.6572700856741345,Medium,Base
0 days 02:07:00,81.72,94.0,422.0,0.68234,1.6572700856741345,Medium,Base
0 days 02:08:00,81.72,94.0,422.0,0.68234,1.6572700856741345,Medium,Base
0 days 02:09:00,81.72,94.0,422.0,0.68234,1.6572700856741345,Medium,Base
0 days 02:10:00,81.72,94.0,422.0,0.68234,1.6572700856741345,Medium,Base
0 days 02:11:00,81.72,94.0,422.0,0.68234,1.6572700856741345,Medium,Base
0 days 02:12:00,81.72,88.0,422.0,0.66134,1.6196998223389485,Medium,Base
0 days 02:13:00,81.72,88.0,422.0,0.66134,1.6196998223389485,Medium,Base
0 days 02:14:00,81.72,88.0,422.0,0.66134,1.6196998223389485,Medium,Base
0 days 02:15:00,81.72,88.0,422.0,0.66134,1.6196998223389485,Medium,Base
0 days 02:16:00,81.72,88.0,422.0,0.66134,1.6196998223389485,Medium,Base
0 days 02:17:00,81.72,88.0,422.0,0.66134,1.6196998223389485,Medium,Base
0 days 02:18:00,81.84,88.0,422.0,0.6615800000000001,1.620146910458932,Medium,Base
0 days 02:19:00,81.84,88.0,422.0,0.6615800000000001,1.620146910458932,Medium,Base
0 days 02:20:00,81.72,94.0,422.0,0.68234,1.6572700856741345,Medium,Base
0 days 02:21:00,81.84,94.0,422.0,0.68258,1.6577275443690667,Medium,Base
0 days 02:22:00,81.84,94.0,422.0,0.68258,1.6577275443690667,Medium,Base
0 days 02:23:00,81.84,94.0,422.0,0.68258,1.6577275443690667,Medium,Base
0 days 02:24:00,81.84,94.0,422.0,0.68258,1.6577275443690667,Medium,Base
0 days 02:25:00,81.84,94.0,422.0,0.68258,1.6577275443690667,Medium,Base
0 days 02:26:00,81.84,94.0,422.0,0.68258,1.6577275443690667,Medium,Base
0 days 02:27:00,81.84,94.0,421.0,0.68213,1.6559294941515839,Medium,Base
0 days 02:28:00,81.95,98.0,421.0,0.69635,1.6818640459433776,Medium,Base
0 days 02:29:00,81.95,98.0,422.0,0.6968,1.6836902565545573,High,Base
0 days 02:30:00,81.95,98.0,422.0,0.6968,1.6836902565545573,High,Base
0 days 02:31:00,81.95,98.0,422.0,0.6968,1.6836902565545573,High,Base
0 days 02:32:00,82.06,98.0,422.0,0.69702,1.6841162738575977,High,Base
0 days 02:33:00,82.06,98.0,422.0,0.69702,1.6841162738575977,High,Base
0 days 02:34:00,82.06,98.0,422.0,0.69702,1.6841162738575977,High,Base
0 days 02:35:00,82.06,98.0,422.0,0.69702,1.6841162738575977,High,Base
0 days 02:36:00,82.06,90.0,422.0,0.6690200000000001,1.6334044342972467,Medium,Base
0 days 02:37:00,82.06,90.0,422.0,0.6690200000000001,1.6334044342972467,Medium,Base
0 days 02:38:00,82.06,90.0,421.0,0.6685700000000001,1.6316327660829484,Medium,Base
0 days 02:39:00,82.06,90.0,421.0,0.6685700000000001,1.6316327660829484,Medium,Base
0 days 02:40:00,82.06,90.0,421.0,0.6685700000000001,1.6316327660829484,Medium,Base
0 days 02:41:00,82.06,90.0,421.0,0.6685700000000001,1.6316327660829484,Medium,Base
0 days 02:42:00,82.18,90.0,421.0,0.6688100000000001,1.6320831480709135,Medium,Base
0 days 02:43:00,82.18,97.0,421.0,0.6933100000000001,1.6763350668996568,Medium,Base
0 days 02:44:00,82.18,97.0,421.0,0.6933100000000001,1.6763350668996568,Medium,Base
0 days 02:45:00,82.18,97.0,421.0,0.6933100000000001,1.6763350668996568,Medium,Base
0 days 02:46:00,82.18,97.0,421.0,0.6933100000000001,1.6763350668996568,Medium,Base
0 days 02:47:00,82.18,97.0,421.0,0.6933100000000001,1.6763350668996568,Medium,Base
0 days 02:48:00,82.29,97.0,421.0,0.6935300000000001,1.6767592231489505,Medium,Base
0 days 02:49:00,82.29,97.0,421.0,0.6935300000000001,1.6767592231489505,Medium,Base
0 days 02:50:00,82.29,97.0,421.0,0.6935300000000001,1.6767592231489505,Medium,Base
0 days 02:51:00,82.29,97.0,421.0,0.6935300000000001,1.6767592231489505,Medium,Base
0 days 02:52:00,82.29,97.0,421.0,0.6935300000000001,1.6767592231489505,Medium,Base
0 days 02:53:00,82.29,97.0,421.0,0.6935300000000001,1.6767592231489505,Medium,Base
0 days 02:54:00,82.4,97.0,421.0,0.6937500000000001,1.6771834867207762,Medium,Base
0 days 02:55:00,82.4,97.0,421.0,0.6937500000000001,1.6771834867207762,Medium,Base
0 days 02:56:00,82.4,97.0,421.0,0.6937500000000001,1.6771834867207762,Medium,Base
0 days 02:57:00,82.4,97.0,421.0,0.6937500000000001,1.6771834867207762,Medium,Base
0 days 02:58:00,82.4,97.0,421.0,0.6937500000000001,1.6771834867207762,Medium,Base
0 days 02:59:00,82.4,93.0,420.0,0.6793,1.6499473821123836,Medium,Base
0 days 03:00:00,82.51,93.0,420.0,0.67952,1.650364861593036,Medium,Base
0 days 03:01:00,82.51,93.0,420.0,0.67952,1.650364861593036,Medium,Base
0 days 03:02:00,82.51,93.0,420.0,0.67952,1.650364861593036,Medium,Base
0 days 03:03:00,82.63,93.0,420.0,0.6797599999999999,1.6508204142288267,Medium,Base
0 days 03:04:00,82.63,93.0,420.0,0.6797599999999999,1.6508204142288267,Medium,Base
0 days 03:05:00,82.63,93.0,420.0,0.6797599999999999,1.6508204142288267,Medium,Base
0 days 03:06:00,82.63,100.0,420.0,0.7042599999999999,1.6955803708876727,High,Base
0 days 03:07:00,82.74,100.0,420.0,0.7044799999999999,1.6960093966980208,High,Base
0 days 03:08:00,82.74,100.0,420.0,0.7044799999999999,1.6960093966980208,High,Base
0 days 03:09:00,82.85,100.0,420.0,0.7046999999999999,1.6964385310630261,High,Base
0 days 03:10:00,82.85,100.0,420.0,0.7046999999999999,1.6964385310630261,High,Base
0 days 03:11:00,82.96,100.0,420.0,0.7049199999999999,1.6968677740101559,High,Base
0 days 03:12:00,82.96,100.0,420.0,0.7049199999999999,1.6968677740101559,High,Base
0 days 03:13:00,82.96,100.0,420.0,0.7049199999999999,1.6968677740101559,High,Base
0 days 03:14:00,82.96,92.0,420.0,0.67692,1.645771963319113,Medium,Base
0 days 03:15:00,83.07,92.0,420.0,0.67714,1.6461883863105171,Medium,Base
0 days 03:16:00,83.07,92.0,420.0,0.67714,1.6461883863105171,Medium,Base
0 days 03:17:00,83.19,92.0,420.0,0.67738,1.646642786107704,Medium,Base
0 days 03:18:00,83.19,92.0,420.0,0.67738,1.646642786107704,Medium,Base
0 days 03:19:00,83.19,92.0,419.0,0.67693,1.6448567589467666,Medium,Base
0 days 03:20:00,83.3,92.0,419.0,0.67715,1.645272950367728,Medium,Base
0 days 03:21:00,83.3,92.0,419.0,0.67715,1.645272950367728,Medium,Base
0 days 03:22:00,83.3,90.0,419.0,0.6701499999999999,1.6327450359345284,Medium,Base
0 days 03:23:00,83.41,90.0,419.0,0.6703699999999999,1.6331581627754383,Medium,Base
0 days 03:24:00,83.41,90.0,419.0,0.6703699999999999,1.6331581627754383,Medium,Base
0 days 03:25:00,83.41,90.0,419.0,0.6703699999999999,1.6331581627754383,Medium,Base
0 days 03:26:00,83.52,90.0,419.0,0.6705899999999999,1.6335713941481538,Medium,Base
0 days 03:27:00,83.52,90.0,419.0,0.6705899999999999,1.6335713941481538,Medium,Base
0 days 03:28:00,83.64,90.0,419.0,0.6708299999999999,1.63402231125847,Medium,Base
0 days 03:29:00,83.64,90.0,419.0,0.6708299999999999,1.63402231125847,Medium,Base
0 days 03:30:00,83.64,89.0,419.0,0.66733,1.62778930000746,Medium,Base
0 days 03:31:00,83.75,89.0,419.0,0.66755,1.6282011729186487,Medium,Base
0 days 03:32:00,83.75,89.0,419.0,0.66755,1.6282011729186487,Medium,Base
0 days 03:33:00,83.86,89.0,418.0,0.66732,1.6268466786850773,Medium,Base
0 days 03:34:00,83.86,89.0,418.0,0.66732,1.6268466786850773,Medium,Base
0 days 03:35:00,83.86,89.0,418.0,0.66732,1.6268466786850773,Medium,Base
0 days 03:36:00,83.97,89.0,418.0,0.66754,1.6272583130886236,Medium,Base
0 days 03:37:00,83.97,89.0,418.0,0.66754,1.6272583130886236,Medium,Base
0 days 03:38:00,84.09,96.0,418.0,0.69228,1.6718407657889385,Medium,Base
0 days 03:39:00,84.2,96.0,418.0,0.6925,1.6722637848634871,Medium,Base
0 days 03:40:00,84.2,96.0,418.0,0.6925,1.6722637848634871,Medium,Base
0 days 03:41:00,84.31,96.0,418.0,0.69272,1.672686910972833,Medium,Base
0 days 03:42:00,84.31,96.0,418.0,0.69272,1.672686910972833,Medium,Base
0 days 03:43:00,84.43,96.0,418.0,0.69296,1.6731486251966872,Medium,Base
0 days 03:44:00,84.43,96.0,418.0,0.69296,1.6731486251966872,Medium,Base
0 days 03:45:00,84.54,96.0,418.0,0.69318,1.6735719751935867,Medium,Base
0 days 03:46:00,84.65,98.0,418.0,0.7003999999999999,1.6868398575413548,High,Base
0 days 03:47:00,84.65,98.0,418.0,0.7003999999999999,1.6868398575413548,High,Base
0 days 03:48:00,84.65,98.0,418.0,0.7003999999999999,1.6868398575413548,High,Base
0 days 03:49:00,84.76,98.0,417.0,0.70017,1.6854365820137351,High,Base
0 days 03:50:00,84.88,98.0,417.0,0.70041,1.6859018155480057,High,Base
0 days 03:51:00,84.99,98.0,417.0,0.70063,1.6863283924328303,High,Base
0 days 03:52:00,84.99,98.0,417.0,0.70063,1.6863283924328303,High,Base
0 days 03:53:00,84.99,99.0,417.0,0.7041299999999999,1.6927855572777417,High,Base
0 days 03:54:00,85.1,99.0,417.0,0.7043499999999999,1.6932138759277604,High,Base
0 days 03:55:00,85.21,99.0,417.0,0.7045699999999999,1.6936423029535064,High,Base
0 days 03:56:00,85.21,99.0,417.0,0.7045699999999999,1.6936423029535064,High,Base
0 days 03:57:00,85.32,99.0,417.0,0.7047899999999999,1.6940708383824017,High,Base
0 days 03:58:00,85.32,99.0,417.0,0.7047899999999999,1.6940708383824017,High,Base
0 days 03:59:00,85.44,99.0,417.0,0.7050299999999999,1.6945384552431344,High,Base
0 days 04:00:00,85.44,99.0,417.0,0.7050299999999999,1.6945384552431344,High,Base
0 days 04:01:00,85.55,96.0,417.0,0.69475,1.6756446510419618,Medium,Base
0 days 04:02:00,85.55,96.0,417.0,0.69475,1.6756446510419618,Medium,Base
0 days 04:03:00,85.66,96.0,417.0,0.69497,1.676068632598137,Medium,Base
0 days 04:04:00,85.66,96.0,417.0,0.69497,1.676068632598137,Medium,Base
0 days 04:05:00,85.77,96.0,417.0,0.69519,1.6764927214326422,Medium,Base
0 days 04:06:00,85.77,96.0,417.0,0.69519,1.6764927214326422,Medium,Base
0 days 04:07:00,85.89,96.0,416.0,0.69498,1.6751365804213505,Medium,Base
0 days 04:08:00,85.89,98.0,416.0,0.70198,1.6879897615865467,High,Base
0 days 04:09:00,86.0,98.0,416.0,0.7022,1.6884168667758717,High,Base
0 days 04:10:00,86.0,98.0,416.0,0.7022,1.6884168667758717,High,Base
0 days 04:11:00,86.11,98.0,416.0,0.70242,1.6888440800338875,High,Base
0 days 04:12:00,86.11,98.0,416.0,0.70242,1.6888440800338875,High,Base
0 days 04:13:00,86.11,98.0,416.0,0.70242,1.6888440800338875,High,Base
0 days 04:14:00,86.22,98.0,416.0,0.70264,1.6892714013879373,High,Base
0 days 04:15:00,86.22,98.0,416.0,0.70264,1.6892714013879373,High,Base
0 days 04:16:00,86.22,98.0,416.0,0.70264,1.6892714013879373,High,Base
0 days 04:17:00,86.34,98.0,416.0,0.7028800000000001,1.6897376934530302,High,Base
0 days 04:18:00,86.34,98.0,416.0,0.7028800000000001,1.6897376934530302,High,Base
0 days 04:19:00,86.45,98.0,416.0,0.7031000000000001,1.6901652409144516,High,Base
0 days 04:20:00,86.45,98.0,416.0,0.7031000000000001,1.6901652409144516,High,Base
0 days 04:21:00,86.45,98.0,416.0,0.7031000000000001,1.6901652409144516,High,Base
0 days 04:22:00,86.45,98.0,416.0,0.7031000000000001,1.6901652409144516,High,Base
0 days 04:23:00,86.56,98.0,416.0,0.7033200000000001,1.6905928965564703,High,Base
0 days 04:24:00,86.56,91.0,416.0,0.6788200000000001,1.6459645993215801,Medium,Base
0 days 04:25:00,86.56,91.0,416.0,0.6788200000000001,1.6459645993215801,Medium,Base
0 days 04:26:00,86.56,91.0,416.0,0.6788200000000001,1.6459645993215801,Medium,Base
0 days 04:27:00,86.68,91.0,416.0,0.67906,1.646418937346516,Medium,Base
0 days 04:28:00,86.68,91.0,416.0,0.67906,1.646418937346516,Medium,Base
0 days 04:29:00,86.68,91.0,416.0,0.67906,1.646418937346516,Medium,Base
0 days 04:30:00,86.68,91.0,416.0,0.67906,1.646418937346516,Medium,Base
0 days 04:31:00,86.79,91.0,416.0,0.6792800000000001,1.6468355240391288,Medium,Base
0 days 04:32:00,86.79,89.0,416.0,0.6722800000000001,1.634295711404329,Medium,Base
0 days 04:33:00,86.79,89.0,416.0,0.6722800000000001,1.634295711404329,Medium,Base
0 days 04:34:00,86.9,89.0,416.0,0.6725000000000001,1.6347092306063513,Medium,Base
0 days 04:35:00,86.9,89.0,416.0,0.6725000000000001,1.6347092306063513,Medium,Base
0 days 04:36:00,86.9,89.0,416.0,0.6725000000000001,1.6347092306063513,Medium,Base
0 days 04:37:00,86.9,89.0,416.0,0.6725000000000001,1.6347092306063513,Medium,Base
0 days 04:38:00,87.01,89.0,416.0,0.6727200000000001,1.6351228544394565,Medium,Base
0 days 04:39:00,87.01,89.0,416.0,0.6727200000000001,1.6351228544394565,Medium,Base
0 days 04:40:00,87.01,93.0,416.0,0.6867200000000001,1.6603114385236664,Medium,Base
0 days 04:41:00,87.01,93.0,416.0,0.6867200000000001,1.6603114385236664,Medium,Base
0 days 04:42:00,87.13,93.0,416.0,0.68696,1.6607697367276908,Medium,Base
0 days 04:43:00,87.01,93.0,416.0,0.6867200000000001,1.6603114385236664,Medium,Base
0 days 04:44:00,87.13,93.0,416.0,0.68696,1.6607697367276908,Medium,Base
0 days 04:45:00,87.13,93.0,416.0,0.68696,1.6607697367276908,Medium,Base
0 days 04:46:00,87.13,93.0,416.0,0.68696,1.6607697367276908,Medium,Base
0 days 04:47:00,87.13,93.0,416.0,0.68696,1.6607697367276908,Medium,Base
0 days 04:48:00,87.13,91.0,416.0,0.67996,1.6481238221696706,Medium,Base
0 days 04:49:00,87.13,91.0,416.0,0.67996,1.6481238221696706,Medium,Base
0 days 04:50:00,87.24,91.0,416.0,0.68018,1.6485408402423618,Medium,Base
0 days 04:51:00,87.24,91.0,416.0,0.68018,1.6485408402423618,Medium,Base
0 days 04:52:00,87.24,91.0,416.0,0.68018,1.6485408402423618,Medium,Base
0 days 04:53:00,87.24,91.0,416.0,0.68018,1.6485408402423618,Medium,Base
0 days 04:54:00,87.24,91.0,416.0,0.68018,1.6485408402423618,Medium,Base
0 days 04:55:00,87.24,91.0,416.0,0.68018,1.6485408402423618,Medium,Base
0 days 04:56:00,87.24,91.0,416.0,0.68018,1.6485408402423618,Medium,Base
0 days 04:57:00,87.24,85.0,416.0,0.65918,1.6111684686403485,Low,Base
0 days 04:58:00,87.24,85.0,416.0,0.65918,1.6111684686403485,Low,Base
0 days 04:59:00,87.24,85.0,416.0,0.65918,1.6111684686403485,Low,Base
0 days 05:00:00,87.24,85.0,416.0,0.65918,1.6111684686403485,Low,Base
0 days 05:01:00,87.24,85.0,416.0,0.65918,1.6111684686403485,Low,Base
0 days 05:02:00,87.24,85.0,416.0,0.65918,1.6111684686403485,Low,Base
0 days 05:03:00,87.35,85.0,416.0,0.6594,1.611576136050124,Low,Base
0 days 05:04:00,87.35,85.0,416.0,0.6594,1.611576136050124,Low,Base
0 days 05:05:00,87.35,85.0,416.0,0.6594,1.611576136050124,Low,Base
0 days 05:06:00,87.35,83.0,416.0,0.6524,1.599304805672687,Low,Base
0 days 05:07:00,87.24,83.0,416.0,0.65218,1.598900242442328,Low,Base
0 days 05:08:00,87.35,83.0,416.0,0.6524,1.599304805672687,Low,Base
0 days 05:09:00,87.35,83.0,416.0,0.6524,1.599304805672687,Low,Base
0 days 05:10:00,87.35,83.0,416.0,0.6524,1.599304805672687,Low,Base
0 days 05:11:00,87.35,83.0,417.0,0.6528499999999999,1.6010413713681573,Low,Base
0 days 05:12:00,87.35,83.0,417.0,0.6528499999999999,1.6010413713681573,Low,Base
0 days 05:13:00,87.35,83.0,417.0,0.6528499999999999,1.6010413713681573,Low,Base
0 days 05:14:00,87.35,84.0,417.0,0.65635,1.6071719614150537,Low,Base
0 days 05:15:00,87.35,84.0,417.0,0.65635,1.6071719614150537,Low,Base
0 days 05:16:00,87.35,84.0,417.0,0.65635,1.6071719614150537,Low,Base
0 days 05:17:00,87.35,84.0,417.0,0.65635,1.6071719614150537,Low,Base
0 days 05:18:00,87.35,84.0,417.0,0.65635,1.6071719614150537,Low,Base
0 days 05:19:00,87.46,84.0,417.0,0.65657,1.6075786176048479,Low,Base
0 days 05:22:00,87.35,84.0,417.0,0.65635,1.6071719614150537,Low,Base
0 days 05:23:00,87.35,84.0,416.0,0.6558999999999999,1.6054287461897472,Low,Base
0 days 05:24:00,87.35,84.0,416.0,0.6558999999999999,1.6054287461897472,Low,Base
0 days 05:25:00,87.46,84.0,417.0,0.65657,1.6075786176048479,Low,Base
0 days 05:26:00,87.35,84.0,417.0,0.65635,1.6071719614150537,Low,Base
0 days 05:27:00,87.46,84.0,417.0,0.65657,1.6075786176048479,Low,Base
0 days 05:28:00,87.46,83.0,417.0,0.6530699999999999,1.6014464763596667,Low,Base
0 days 05:29:00,87.46,83.0,417.0,0.6530699999999999,1.6014464763596667,Low,Base
0 days 05:30:00,87.46,83.0,417.0,0.6530699999999999,1.6014464763596667,Low,Base
0 days 05:31:00,87.46,83.0,417.0,0.6530699999999999,1.6014464763596667,Low,Base
0 days 05:32:00,87.46,83.0,417.0,0.6530699999999999,1.6014464763596667,Low,Base
0 days 05:33:00,87.46,83.0,416.0,0.65262,1.5997094712680362,Low,Base
0 days 05:34:00,87.46,83.0,416.0,0.65262,1.5997094712680362,Low,Base
0 days 05:35:00,87.46,83.0,416.0,0.65262,1.5997094712680362,Low,Base
0 days 05:36:00,87.46,88.0,416.0,0.6701199999999999,1.6305723740514058,Medium,Base
0 days 05:37:00,87.46,88.0,416.0,0.6701199999999999,1.6305723740514058,Medium,Base
0 days 05:38:00,87.57,88.0,416.0,0.6703399999999999,1.6309849511525092,Medium,Base
0 days 05:39:00,87.57,88.0,416.0,0.6703399999999999,1.6309849511525092,Medium,Base
0 days 05:44:00,87.57,88.0,416.0,0.6703399999999999,1.6309849511525092,Medium,Base
0 days 05:45:00,87.57,88.0,416.0,0.6703399999999999,1.6309849511525092,Medium,Base
0 days 05:46:00,87.69,88.0,416.0,0.67058,1.631435154323168,Medium,Base
0 days 05:47:00,87.69,88.0,416.0,0.67058,1.631435154323168,Medium,Base
0 days 05:48:00,87.69,88.0,416.0,0.67058,1.631435154323168,Medium,Base
0 days 05:49:00,87.69,88.0,416.0,0.67058,1.631435154323168,Medium,Base
0 days 05:50:00,87.69,83.0,416.0,0.65308,1.6005559211370057,Low,Base
0 days 05:51:00,87.69,83.0,416.0,0.65308,1.6005559211370057,Low,Base
0 days 05:52:00,87.69,83.0,416.0,0.65308,1.6005559211370057,Low,Base
0 days 05:53:00,87.69,83.0,416.0,0.65308,1.6005559211370057,Low,Base
0 days 05:54:00,87.69,83.0,416.0,0.65308,1.6005559211370057,Low,Base
0 days 05:55:00,87.69,83.0,416.0,0.65308,1.6005559211370057,Low,Base
0 days 05:56:00,87.8,83.0,416.0,0.6533,1.6009609032970162,Low,Base
0 days 05:57:00,87.69,83.0,416.0,0.65308,1.6005559211370057,Low,Base
0 days 05:58:00,87.8,96.0,416.0,0.6988,1.682511465559927,Medium,Base
0 days 05:59:00,87.8,96.0,416.0,0.6988,1.682511465559927,Medium,Base
0 days 06:00:00,87.8,96.0,416.0,0.6988,1.682511465559927,Medium,Base
0 days 06:01:00,87.8,96.0,416.0,0.6988,1.682511465559927,Medium,Base
0 days 06:02:00,87.8,96.0,416.0,0.6988,1.682511465559927,Medium,Base
0 days 06:03:00,87.8,96.0,416.0,0.6988,1.682511465559927,Medium,Base
0 days 06:04:00,87.8,96.0,416.0,0.6988,1.682511465559927,Medium,Base
0 days 06:05:00,87.8,96.0,416.0,0.6988,1.682511465559927,Medium,Base
0 days 06:06:00,87.8,96.0,416.0,0.6988,1.682511465559927,Medium,Base
0 days 06:07:00,87.8,81.0,416.0,0.6463,1.5887704025032603,Low,Base
0 days 06:08:00,87.8,81.0,416.0,0.6463,1.5887704025032603,Low,Base
0 days 06:09:00,87.8,81.0,416.0,0.6463,1.5887704025032603,Low,Base
0 days 06:10:00,87.8,81.0,416.0,0.6463,1.5887704025032603,Low,Base
0 days 06:11:00,87.8,81.0,416.0,0.6463,1.5887704025032603,Low,Base
0 days 06:12:00,87.8,81.0,416.0,0.6463,1.5887704025032603,Low,Base
0 days 06:13:00,87.8,81.0,416.0,0.6463,1.5887704025032603,Low,Base
0 days 06:14:00,87.8,81.0,416.0,0.6463,1.5887704025032603,Low,Base
0 days 06:15:00,87.91,81.0,416.0,0.64652,1.5891724026213876,Low,Base
0 days 06:16:00,87.91,81.0,416.0,0.64652,1.5891724026213876,Low,Base
0 days 06:17:00,87.91,71.0,416.0,0.61152,1.52958313580119,Low,Base
0 days 06:18:00,87.91,71.0,416.0,0.61152,1.52958313580119,Low,Base
0 days 06:19:00,87.91,71.0,416.0,0.61152,1.52958313580119,Low,Base
0 days 06:20:00,87.91,71.0,416.0,0.61152,1.52958313580119,Low,Base
0 days 06:21:00,87.91,71.0,416.0,0.61152,1.52958313580119,Low,Base
0 days 06:22:00,87.91,71.0,416.0,0.61152,1.52958313580119,Low,Base
0 days 06:23:00,87.91,71.0,416.0,0.61152,1.52958313580119,Low,Base
0 days 06:24:00,88.02,71.0,416.0,0.61174,1.529970160005763,Low,Base
0 days 06:25:00,88.02,91.0,416.0,0.68174,1.6515009058784051,Medium,Base
0 days 06:26:00,88.02,91.0,416.0,0.68174,1.6515009058784051,Medium,Base
0 days 06:27:00,88.02,91.0,416.0,0.68174,1.6515009058784051,Medium,Base
0 days 06:28:00,88.02,91.0,416.0,0.68174,1.6515009058784051,Medium,Base
0 days 06:29:00,88.02,91.0,416.0,0.68174,1.6515009058784051,Medium,Base
0 days 06:30:00,88.02,91.0,416.0,0.68174,1.6515009058784051,Medium,Base
0 days 06:31:00,88.02,91.0,416.0,0.68174,1.6515009058784051,Medium,Base
0 days 06:32:00,88.02,91.0,416.0,0.68174,1.6515009058784051,Medium,Base
0 days 06:33:00,88.14,93.0,416.0,0.68898,1.6646320965564938,Medium,Base
0 days 06:34:00,88.14,93.0,416.0,0.68898,1.6646320965564938,Medium,Base
0 days 06:35:00,88.14,93.0,416.0,0.68898,1.6646320965564938,Medium,Base
0 days 06:36:00,88.14,93.0,416.0,0.68898,1.6646320965564938,Medium,Base
0 days 06:37:00,88.14,93.0,416.0,0.68898,1.6646320965564938,Medium,Base
0 days 06:38:00,88.14,93.0,416.0,0.68898,1.6646320965564938,Medium,Base
0 days 06:39:00,88.25,93.0,416.0,0.6892,1.6650532916507628,Medium,Base
0 days 06:40:00,88.25,93.0,416.0,0.6892,1.6650532916507628,Medium,Base
0 days 06:41:00,88.25,86.0,416.0,0.6647,1.6210991892982216,Medium,Base
0 days 06:42:00,88.25,86.0,416.0,0.6647,1.6210991892982216,Medium,Base
0 days 06:43:00,88.25,86.0,415.0,0.66425,1.6193408679384906,Medium,Base
0 days 06:44:00,88.25,86.0,415.0,0.66425,1.6193408679384906,Medium,Base
0 days 06:45:00,88.25,86.0,416.0,0.6647,1.6210991892982216,Medium,Base
0 days 06:46:00,88.36,86.0,416.0,0.66492,1.6215093694378864,Medium,Base
0 days 06:47:00,88.36,86.0,416.0,0.66492,1.6215093694378864,Medium,Base
0 days 06:48:00,88.36,86.0,416.0,0.66492,1.6215093694378864,Medium,Base
0 days 06:49:00,88.36,94.0,416.0,0.69292,1.6718519063270543,Medium,Base
0 days 06:50:00,88.36,94.0,416.0,0.69292,1.6718519063270543,Medium,Base
0 days 06:51:00,88.36,94.0,416.0,0.69292,1.6718519063270543,Medium,Base
0 days 06:52:00,88.36,94.0,416.0,0.69292,1.6718519063270543,Medium,Base
0 days 06:53:00,88.36,94.0,416.0,0.69292,1.6718519063270543,Medium,Base
0 days 06:54:00,88.47,94.0,416.0,0.69314,1.672274928220448,Medium,Base
0 days 06:55:00,88.47,94.0,416.0,0.69314,1.672274928220448,Medium,Base
0 days 06:56:00,88.47,94.0,415.0,0.6926899999999999,1.6704610992178528,Medium,Base
0 days 06:57:00,88.47,89.0,415.0,0.67519,1.6388431966156738,Medium,Base
0 days 06:58:00,88.47,89.0,416.0,0.67564,1.6406226940982067,Medium,Base
0 days 06:59:00,88.47,89.0,416.0,0.67564,1.6406226940982067,Medium,Base
0 days 07:00:00,88.47,89.0,416.0,0.67564,1.6406226940982067,Medium,Base
0 days 07:01:00,88.59,89.0,416.0,0.67588,1.6410755575892009,Medium,Base
0 days 07:02:00,88.59,89.0,416.0,0.67588,1.6410755575892009,Medium,Base
0 days 07:03:00,88.59,89.0,416.0,0.67588,1.6410755575892009,Medium,Base
0 days 07:04:00,88.59,89.0,416.0,0.67588,1.6410755575892009,Medium,Base
0 days 07:05:00,88.59,89.0,416.0,0.67588,1.6410755575892009,Medium,Base
0 days 07:06:00,88.7,88.0,416.0,0.6726,1.6352292923448364,Medium,Base
0 days 07:07:00,88.7,88.0,416.0,0.6726,1.6352292923448364,Medium,Base
0 days 07:08:00,88.7,88.0,416.0,0.6726,1.6352292923448364,Medium,Base
0 days 07:09:00,88.7,88.0,416.0,0.6726,1.6352292923448364,Medium,Base
0 days 07:10:00,88.7,88.0,416.0,0.6726,1.6352292923448364,Medium,Base
0 days 07:11:00,88.81,88.0,416.0,0.67282,1.6356430477670498,Medium,Base
0 days 07:12:00,88.81,88.0,416.0,0.67282,1.6356430477670498,Medium,Base
0 days 07:13:00,88.81,88.0,416.0,0.67282,1.6356430477670498,Medium,Base
0 days 07:14:00,88.81,88.0,416.0,0.67282,1.6356430477670498,Medium,Base
0 days 07:15:00,88.81,79.0,416.0,0.64132,1.5803395062435042,Low,Base
0 days 07:16:00,88.93,79.0,416.0,0.64156,1.5807757296776477,Low,Base
0 days 07:17:00,88.93,79.0,415.0,0.64111,1.5790611450619834,Low,Base
0 days 07:18:00,88.93,79.0,415.0,0.64111,1.5790611450619834,Low,Base
0 days 07:19:00,88.93,79.0,415.0,0.64111,1.5790611450619834,Low,Base
0 days 07:20:00,89.04,79.0,415.0,0.64133,1.579460688486159,Low,Base
0 days 07:21:00,89.04,79.0,415.0,0.64133,1.579460688486159,Low,Base
0 days 07:22:00,89.04,79.0,415.0,0.64133,1.579460688486159,Low,Base
0 days 07:23:00,89.04,88.0,415.0,0.67283,1.6347334760266883,Medium,Base
0 days 07:24:00,89.15,88.0,415.0,0.67305,1.6351471059945137,Medium,Base
0 days 07:25:00,89.15,88.0,415.0,0.67305,1.6351471059945137,Medium,Base
0 days 07:26:00,89.15,88.0,415.0,0.67305,1.6351471059945137,Medium,Base
0 days 07:27:00,89.26,88.0,415.0,0.67327,1.6355608406214488,Medium,Base
0 days 07:28:00,89.26,88.0,415.0,0.67327,1.6355608406214488,Medium,Base
0 days 07:29:00,89.26,88.0,415.0,0.67327,1.6355608406214488,Medium,Base
0 days 07:30:00,89.26,88.0,415.0,0.67327,1.6355608406214488,Medium,Base
0 days 07:31:00,89.26,99.0,415.0,0.71177,1.7057855242060849,High,Base
0 days 07:32:00,89.26,99.0,415.0,0.71177,1.7057855242060849,High,Base
0 days 07:33:00,89.38,99.0,415.0,0.71201,1.7062563746887447,High,Base
0 days 07:34:00,89.38,99.0,415.0,0.71201,1.7062563746887447,High,Base
0 days 07:35:00,89.38,99.0,415.0,0.71201,1.7062563746887447,High,Base
0 days 07:36:00,89.38,99.0,415.0,0.71201,1.7062563746887447,High,Base
0 days 07:37:00,89.38,99.0,415.0,0.71201,1.7062563746887447,High,Base
0 days 07:38:00,89.49,99.0,415.0,0.71223,1.7066881018049471,High,Base
0 days 07:39:00,89.49,99.0,414.0,0.71178,1.704836946635903,High,Base
0 days 07:40:00,89.49,84.0,414.0,0.65928,1.6098520202403217,Low,Base
0 days 07:41:00,89.49,84.0,415.0,0.65973,1.6116000383687088,Low,Base
0 days 07:42:00,89.49,84.0,415.0,0.65973,1.6116000383687088,Low,Base
0 days 07:43:00,89.6,84.0,415.0,0.65995,1.6120078149768189,Low,Base
0 days 07:44:00,89.6,84.0,414.0,0.6595,1.6102593545545085,Low,Base
0 days 07:45:00,89.6,84.0,414.0,0.6595,1.6102593545545085,Low,Base
0 days 07:46:00,89.6,84.0,414.0,0.6595,1.6102593545545085,Low,Base
0 days 07:47:00,89.6,84.0,414.0,0.6595,1.6102593545545085,Low,Base
0 days 07:48:00,89.6,89.0,414.0,0.677,1.6413257943101185,Medium,Base
0 days 07:49:00,89.6,89.0,414.0,0.677,1.6413257943101185,Medium,Base
0 days 07:50:00,89.6,89.0,414.0,0.677,1.6413257943101185,Medium,Base
0 days 07:51:00,89.71,89.0,414.0,0.67722,1.6417410923054478,Medium,Base
0 days 07:52:00,89.71,89.0,414.0,0.67722,1.6417410923054478,Medium,Base
0 days 07:53:00,89.71,89.0,414.0,0.67722,1.6417410923054478,Medium,Base
0 days 07:54:00,89.71,89.0,414.0,0.67722,1.6417410923054478,Medium,Base
0 days 07:55:00,89.71,89.0,414.0,0.67722,1.6417410923054478,Medium,Base
0 days 07:56:00,89.71,86.0,414.0,0.66672,1.6230253018709666,Medium,Base
0 days 07:57:00,89.71,86.0,414.0,0.66672,1.6230253018709666,Medium,Base
0 days 07:58:00,89.71,86.0,414.0,0.66672,1.6230253018709666,Medium,Base
0 days 07:59:00,89.71,86.0,414.0,0.66672,1.6230253018709666,Medium,Base
0 days 08:00:00,89.71,86.0,414.0,0.66672,1.6230253018709666,Medium,Base
0 days 08:01:00,89.71,86.0,414.0,0.66672,1.6230253018709666,Medium,Base
0 days 08:02:00,89.82,86.0,414.0,0.66694,1.623435969367068,Medium,Base
0 days 08:03:00,89.82,86.0,414.0,0.66694,1.623435969367068,Medium,Base
0 days 08:04:00,89.82,86.0,414.0,0.66694,1.623435969367068,Medium,Base
0 days 08:05:00,89.82,83.0,414.0,0.65644,1.6049288566871962,Low,Base
0 days 08:06:00,89.82,83.0,414.0,0.65644,1.6049288566871962,Low,Base
0 days 08:07:00,89.82,83.0,414.0,0.65644,1.6049288566871962,Low,Base
0 days 08:08:00,89.94,83.0,414.0,0.65668,1.6053718675558444,Low,Base
0 days 08:09:00,89.94,83.0,414.0,0.65668,1.6053718675558444,Low,Base
0 days 08:10:00,89.94,83.0,414.0,0.65668,1.6053718675558444,Low,Base
0 days 08:11:00,89.94,83.0,414.0,0.65668,1.6053718675558444,Low,Base
0 days 08:12:00,89.94,83.0,414.0,0.65668,1.6053718675558444,Low,Base
0 days 08:13:00,89.94,83.0,413.0,0.65623,1.6036306047980382,Low,Base
0 days 08:14:00,89.94,89.0,413.0,0.67723,1.6408281294774092,Medium,Base
0 days 08:15:00,89.94,89.0,413.0,0.67723,1.6408281294774092,Medium,Base
0 days 08:16:00,89.94,89.0,413.0,0.67723,1.6408281294774092,Medium,Base
0 days 08:17:00,89.94,89.0,412.0,0.67678,1.6390484091698834,Medium,Base
0 days 08:18:00,90.05,89.0,412.0,0.677,1.6394631309277061,Medium,Base
0 days 08:19:00,90.05,89.0,412.0,0.677,1.6394631309277061,Medium,Base
0 days 08:20:00,90.05,89.0,412.0,0.677,1.6394631309277061,Medium,Base
0 days 08:21:00,90.05,89.0,412.0,0.677,1.6394631309277061,Medium,Base
0 days 08:22:00,90.16,90.0,412.0,0.68072,1.6461572578719033,Medium,Base
0 days 08:23:00,90.16,90.0,411.0,0.68027,1.6443717573380061,Medium,Base
0 days 08:24:00,90.16,90.0,411.0,0.68027,1.6443717573380061,Medium,Base
0 days 08:25:00,90.16,90.0,411.0,0.68027,1.6443717573380061,Medium,Base
0 days 08:26:00,90.16,90.0,410.0,0.67982,1.6425881934429938,Medium,Base
0 days 08:27:00,90.27,90.0,410.0,0.68004,1.6430038108580451,Medium,Base
0 days 08:28:00,90.27,90.0,410.0,0.68004,1.6430038108580451,Medium,Base
0 days 08:29:00,90.27,97.0,410.0,0.70454,1.687551829970517,High,Base
0 days 08:30:00,90.27,97.0,410.0,0.70454,1.687551829970517,High,Base
0 days 08:31:00,90.27,97.0,409.0,0.70409,1.6857214309129647,High,Base
0 days 08:32:00,90.27,97.0,409.0,0.70409,1.6857214309129647,High,Base
0 days 08:33:00,90.39,97.0,407.0,0.70343,1.6825308899678568,Medium,Base
0 days 08:34:00,90.39,97.0,406.0,0.70298,1.6807059368608737,Medium,Base
0 days 08:35:00,90.39,97.0,405.0,0.70253,1.6788829631849145,Medium,Base
0 days 08:36:00,90.39,97.0,404.0,0.70208,1.6770619667929945,Medium,Base
0 days 08:37:00,90.39,97.0,404.0,0.70208,1.6770619667929945,Medium,Base
0 days 08:38:00,90.39,86.0,404.0,0.6635800000000001,1.6080197898612383,Low,Base
0 days 08:39:00,90.39,86.0,404.0,0.6635800000000001,1.6080197898612383,Low,Base
0 days 08:40:00,90.39,86.0,404.0,0.6635800000000001,1.6080197898612383,Low,Base
0 days 08:41:00,90.5,86.0,404.0,0.6638000000000001,1.6084266605736186,Low,Base
0 days 08:42:00,90.5,86.0,404.0,0.6638000000000001,1.6084266605736186,Low,Base
0 days 08:43:00,90.5,86.0,405.0,0.66425,1.610173131010351,Low,Base
0 days 08:44:00,90.5,86.0,405.0,0.66425,1.610173131010351,Low,Base
0 days 08:45:00,90.5,86.0,404.0,0.6638000000000001,1.6084266605736186,Low,Base
0 days 08:46:00,90.5,87.0,404.0,0.6673,1.6145855298276024,Low,Base
0 days 08:47:00,90.5,87.0,404.0,0.6673,1.6145855298276024,Low,Base
0 days 08:48:00,90.5,87.0,405.0,0.6677500000000001,1.6163386877206793,Medium,Base
0 days 08:49:00,90.61,87.0,405.0,0.6679700000000001,1.6167476633299769,Medium,Base
0 days 08:50:00,90.61,87.0,405.0,0.6679700000000001,1.6167476633299769,Medium,Base
0 days 08:51:00,90.61,87.0,406.0,0.66842,1.6185031689224143,Medium,Base
0 days 08:52:00,90.61,87.0,406.0,0.66842,1.6185031689224143,Medium,Base
0 days 08:53:00,90.61,87.0,406.0,0.66842,1.6185031689224143,Medium,Base
0 days 08:54:00,90.61,96.0,406.0,0.69992,1.6751422372079723,Medium,Base
0 days 08:55:00,90.61,96.0,406.0,0.69992,1.6751422372079723,Medium,Base
0 days 08:56:00,90.61,96.0,406.0,0.69992,1.6751422372079723,Medium,Base
0 days 08:57:00,90.61,96.0,406.0,0.69992,1.6751422372079723,Medium,Base
0 days 08:58:00,90.61,96.0,406.0,0.69992,1.6751422372079723,Medium,Base
0 days 08:59:00,90.61,96.0,407.0,0.70037,1.6769611491088496,Medium,Base
0 days 09:00:00,90.61,96.0,407.0,0.70037,1.6769611491088496,Medium,Base
0 days 09:01:00,90.61,96.0,407.0,0.70037,1.6769611491088496,Medium,Base
0 days 09:02:00,90.61,89.0,406.0,0.67542,1.6309218067157405,Medium,Base
0 days 09:03:00,90.61,89.0,405.0,0.6749700000000001,1.6291528312775128,Medium,Base
0 days 09:04:00,90.61,89.0,404.0,0.67452,1.6273857745542646,Medium,Base
0 days 09:05:00,90.61,89.0,404.0,0.67452,1.6273857745542646,Medium,Base
0 days 09:06:00,90.61,89.0,404.0,0.67452,1.6273857745542646,Medium,Base
0 days 09:07:00,90.61,89.0,404.0,0.67452,1.6273857745542646,Medium,Base
0 days 09:08:00,90.72,89.0,404.0,0.67474,1.6277975453630478,Medium,Base
0 days 09:09:00,90.61,89.0,403.0,0.6740700000000001,1.6256206344648665,Medium,Base
0 days 09:10:00,90.72,95.0,403.0,0.69529,1.663749101068047,Medium,Base
0 days 09:11:00,90.72,95.0,403.0,0.69529,1.663749101068047,Medium,Base
0 days 09:12:00,90.72,95.0,403.0,0.69529,1.663749101068047,Medium,Base
0 days 09:13:00,90.72,95.0,404.0,0.69574,1.6655556420129225,Medium,Base
0 days 09:14:00,90.72,95.0,404.0,0.69574,1.6655556420129225,Medium,Base
0 days 09:15:00,90.72,95.0,404.0,0.69574,1.6655556420129225,Medium,Base
0 days 09:16:00,90.72,95.0,404.0,0.69574,1.6655556420129225,Medium,Base
0 days 09:17:00,90.72,95.0,404.0,0.69574,1.6655556420129225,Medium,Base
0 days 09:18:00,90.84,89.0,404.0,0.67498,1.6282468687094067,Medium,Base
0 days 09:19:00,90.84,89.0,404.0,0.67498,1.6282468687094067,Medium,Base
0 days 09:20:00,90.84,89.0,405.0,0.67543,1.6300148604305147,Medium,Base
0 days 09:21:00,90.72,89.0,405.0,0.6751900000000001,1.6295650491974774,Medium,Base
0 days 09:22:00,90.84,89.0,405.0,0.67543,1.6300148604305147,Medium,Base
0 days 09:23:00,90.84,89.0,405.0,0.67543,1.6300148604305147,Medium,Base
0 days 09:24:00,90.84,89.0,406.0,0.67588,1.6317847718818463,Medium,Base
0 days 09:25:00,90.84,89.0,406.0,0.67588,1.6317847718818463,Medium,Base
0 days 09:26:00,90.84,98.0,405.0,0.7069300000000001,1.6870567771589606,High,Base
0 days 09:27:00,90.84,98.0,405.0,0.7069300000000001,1.6870567771589606,High,Base
0 days 09:28:00,90.84,98.0,405.0,0.7069300000000001,1.6870567771589606,High,Base
0 days 09:29:00,90.84,98.0,404.0,0.70648,1.6852269150592567,High,Base
0 days 09:30:00,90.84,98.0,403.0,0.7060299999999999,1.683399037715104,High,Base
0 days 09:31:00,90.84,98.0,403.0,0.7060299999999999,1.683399037715104,High,Base
0 days 09:32:00,90.84,98.0,403.0,0.7060299999999999,1.683399037715104,High,Base
0 days 09:33:00,90.84,97.0,403.0,0.7025300000000001,1.6769776779394612,Medium,Base
0 days 09:34:00,90.95,97.0,403.0,0.70275,1.6774019967860148,Medium,Base
0 days 09:35:00,90.95,97.0,403.0,0.70275,1.6774019967860148,Medium,Base
0 days 09:36:00,90.95,97.0,403.0,0.70275,1.6774019967860148,Medium,Base
0 days 09:37:00,90.95,97.0,403.0,0.70275,1.6774019967860148,Medium,Base
0 days 09:38:00,90.95,97.0,403.0,0.70275,1.6774019967860148,Medium,Base
0 days 09:39:00,90.95,97.0,403.0,0.70275,1.6774019967860148,Medium,Base
0 days 09:40:00,90.95,97.0,403.0,0.70275,1.6774019967860148,Medium,Base
0 days 09:41:00,90.95,92.0,404.0,0.6857,1.6474396107406053,Medium,Base
0 days 09:42:00,90.95,92.0,404.0,0.6857,1.6474396107406053,Medium,Base
0 days 09:43:00,90.95,92.0,404.0,0.6857,1.6474396107406053,Medium,Base
0 days 09:44:00,90.95,92.0,404.0,0.6857,1.6474396107406053,Medium,Base
0 days 09:45:00,90.95,92.0,405.0,0.68615,1.649228442427488,Medium,Base
0 days 09:46:00,90.95,92.0,405.0,0.68615,1.649228442427488,Medium,Base
0 days 09:47:00,91.06,92.0,405.0,0.6863700000000001,1.6496457399977535,Medium,Base
0 days 09:48:00,91.06,92.0,405.0,0.6863700000000001,1.6496457399977535,Medium,Base
0 days 09:49:00,90.95,92.0,405.0,0.68615,1.649228442427488,Medium,Base
0 days 09:50:00,91.06,81.0,405.0,0.6478700000000001,1.5817322488383054,Low,Base
0 days 09:51:00,91.06,81.0,404.0,0.64742,1.5800166267364204,Low,Base
0 days 09:52:00,91.06,81.0,404.0,0.64742,1.5800166267364204,Low,Base
0 days 09:53:00,91.06,81.0,404.0,0.64742,1.5800166267364204,Low,Base
0 days 09:54:00,91.06,81.0,404.0,0.64742,1.5800166267364204,Low,Base
0 days 09:55:00,91.06,81.0,405.0,0.6478700000000001,1.5817322488383054,Low,Base
0 days 09:56:00,91.06,81.0,405.0,0.6478700000000001,1.5817322488383054,Low,Base
0 days 09:57:00,91.06,81.0,405.0,0.6478700000000001,1.5817322488383054,Low,Base
0 days 09:58:00,91.06,90.0,405.0,0.67937,1.6370845290016298,Medium,Base
0 days 09:59:00,91.06,90.0,405.0,0.67937,1.6370845290016298,Medium,Base
0 days 10:00:00,91.06,90.0,405.0,0.67937,1.6370845290016298,Medium,Base
0 days 10:01:00,91.06,90.0,404.0,0.6789200000000001,1.6353088691814093,Medium,Base
0 days 10:02:00,91.06,90.0,404.0,0.6789200000000001,1.6353088691814093,Medium,Base
0 days 10:03:00,91.18,90.0,405.0,0.67961,1.6375364158477175,Medium,Base
0 days 10:04:00,91.18,90.0,405.0,0.67961,1.6375364158477175,Medium,Base
0 days 10:05:00,91.18,90.0,405.0,0.67961,1.6375364158477175,Medium,Base
0 days 10:06:00,91.18,96.0,405.0,0.70061,1.675520413571143,Medium,Base
0 days 10:07:00,91.18,96.0,405.0,0.70061,1.675520413571143,Medium,Base
0 days 10:08:00,91.18,96.0,405.0,0.70061,1.675520413571143,Medium,Base
0 days 10:09:00,91.18,96.0,405.0,0.70061,1.675520413571143,Medium,Base
0 days 10:10:00,91.29,96.0,406.0,0.7012799999999999,1.677764146562161,Medium,Base
0 days 10:11:00,91.29,96.0,405.0,0.7008300000000001,1.675944363692016,Medium,Base
0 days 10:12:00,91.29,96.0,405.0,0.7008300000000001,1.675944363692016,Medium,Base
0 days 10:13:00,91.29,96.0,405.0,0.7008300000000001,1.675944363692016,Medium,Base
0 days 10:14:00,91.29,87.0,405.0,0.66933,1.6192781743085032,Medium,Base
0 days 10:15:00,91.29,87.0,405.0,0.66933,1.6192781743085032,Medium,Base
0 days 10:16:00,91.29,87.0,405.0,0.66933,1.6192781743085032,Medium,Base
0 days 10:17:00,91.29,87.0,404.0,0.66888,1.6175218281083268,Medium,Base
0 days 10:18:00,91.4,87.0,404.0,0.6691,1.6179311030828283,Medium,Base
0 days 10:19:00,91.29,87.0,404.0,0.66888,1.6175218281083268,Medium,Base
0 days 10:20:00,91.4,87.0,404.0,0.6691,1.6179311030828283,Medium,Base
0 days 10:21:00,91.4,87.0,404.0,0.6691,1.6179311030828283,Medium,Base
0 days 10:22:00,91.4,91.0,404.0,0.6831,1.6428548533208072,Medium,Base
0 days 10:23:00,91.4,91.0,404.0,0.6831,1.6428548533208072,Medium,Base
0 days 10:24:00,91.4,91.0,404.0,0.6831,1.6428548533208072,Medium,Base
0 days 10:25:00,91.4,91.0,404.0,0.6831,1.6428548533208072,Medium,Base
0 days 10:26:00,91.4,91.0,404.0,0.6831,1.6428548533208072,Medium,Base
0 days 10:27:00,91.4,91.0,405.0,0.6835500000000001,1.6446387067618737,Medium,Base
0 days 10:28:00,91.4,91.0,405.0,0.6835500000000001,1.6446387067618737,Medium,Base
0 days 10:29:00,91.51,91.0,405.0,0.68377,1.6450548430099767,Medium,Base
0 days 10:30:00,91.51,91.0,405.0,0.68377,1.6450548430099767,Medium,Base
0 days 10:31:00,91.4,89.0,404.0,0.6761,1.630345351463398,Medium,Base
0 days 10:32:00,91.51,89.0,404.0,0.67632,1.6307578711218988,Medium,Base
0 days 10:33:00,91.4,89.0,404.0,0.6761,1.630345351463398,Medium,Base
0 days 10:34:00,91.4,89.0,405.0,0.67655,1.6321156217702706,Medium,Base
0 days 10:35:00,91.4,89.0,405.0,0.67655,1.6321156217702706,Medium,Base
0 days 10:36:00,91.51,89.0,405.0,0.6767700000000001,1.6325285893530725,Medium,Base
0 days 10:37:00,91.51,89.0,405.0,0.6767700000000001,1.6325285893530725,Medium,Base
0 days 10:38:00,91.51,89.0,405.0,0.6767700000000001,1.6325285893530725,Medium,Base
0 days 10:39:00,91.4,88.0,405.0,0.67305,1.6258898836249887,Medium,Base
0 days 10:40:00,91.51,88.0,405.0,0.67327,1.6263012759345694,Medium,Base
0 days 10:41:00,91.51,88.0,405.0,0.67327,1.6263012759345694,Medium,Base
0 days 10:42:00,91.51,88.0,405.0,0.67327,1.6263012759345694,Medium,Base
0 days 10:43:00,91.51,88.0,405.0,0.67327,1.6263012759345694,Medium,Base
0 days 10:44:00,91.51,88.0,405.0,0.67327,1.6263012759345694,Medium,Base
0 days 10:45:00,91.63,88.0,405.0,0.67351,1.626750186263481,Medium,Base
0 days 10:46:00,91.63,88.0,404.0,0.67306,1.6249857355634028,Medium,Base
0 days 10:47:00,91.63,91.0,405.0,0.68401,1.6455089299135421,Medium,Base
0 days 10:48:00,91.63,91.0,405.0,0.68401,1.6455089299135421,Medium,Base
0 days 10:49:00,91.63,91.0,405.0,0.68401,1.6455089299135421,Medium,Base
0 days 10:50:00,91.63,91.0,405.0,0.68401,1.6455089299135421,Medium,Base
0 days 10:51:00,91.63,91.0,405.0,0.68401,1.6455089299135421,Medium,Base
0 days 10:52:00,91.63,91.0,405.0,0.68401,1.6455089299135421,Medium,Base
0 days 10:53:00,91.74,91.0,405.0,0.68423,1.6459252863506728,Medium,Base
0 days 10:54:00,91.74,91.0,405.0,0.68423,1.6459252863506728,Medium,Base
0 days 10:55:00,91.74,91.0,405.0,0.68423,1.6459252863506728,Medium,Base
0 days 10:56:00,91.74,88.0,405.0,0.67373,1.627161796251942,Medium,Base
0 days 10:57:00,91.74,88.0,405.0,0.67373,1.627161796251942,Medium,Base
0 days 10:58:00,91.74,88.0,405.0,0.67373,1.627161796251942,Medium,Base
0 days 10:59:00,91.85,88.0,406.0,0.6744,1.6293407709599812,Medium,Base
0 days 11:00:00,91.85,88.0,406.0,0.6744,1.6293407709599812,Medium,Base
0 days 11:01:00,91.85,88.0,406.0,0.6744,1.6293407709599812,Medium,Base
0 days 11:02:00,91.96,88.0,406.0,0.67462,1.6297530364335597,Medium,Base
0 days 11:03:00,91.96,95.0,406.0,0.69912,1.673941777163099,Medium,Base
0 days 11:04:00,91.96,95.0,406.0,0.69912,1.673941777163099,Medium,Base
0 days 11:05:00,91.96,95.0,406.0,0.69912,1.673941777163099,Medium,Base
0 days 11:06:00,91.96,95.0,406.0,0.69912,1.673941777163099,Medium,Base
0 days 11:07:00,91.96,95.0,406.0,0.69912,1.673941777163099,Medium,Base
0 days 11:08:00,92.07,95.0,406.0,0.69934,1.674365327848017,Medium,Base
0 days 11:09:00,91.96,95.0,406.0,0.69912,1.673941777163099,Medium,Base
0 days 11:10:00,92.07,95.0,405.0,0.69889,1.6725492314984638,Medium,Base
0 days 11:11:00,92.07,95.0,405.0,0.69889,1.6725492314984638,Medium,Base
0 days 11:12:00,92.07,90.0,405.0,0.68139,1.6408918054598516,Medium,Base
0 days 11:13:00,92.19,90.0,405.0,0.68163,1.64134474323405,Medium,Base
0 days 11:14:00,92.19,90.0,405.0,0.68163,1.64134474323405,Medium,Base
0 days 11:15:00,92.19,90.0,405.0,0.68163,1.64134474323405,Medium,Base
0 days 11:16:00,92.19,90.0,405.0,0.68163,1.64134474323405,Medium,Base
0 days 11:17:00,92.19,90.0,405.0,0.68163,1.64134474323405,Medium,Base
0 days 11:18:00,92.19,90.0,405.0,0.68163,1.64134474323405,Medium,Base
0 days 11:19:00,92.19,90.0,405.0,0.68163,1.64134474323405,Medium,Base
0 days 11:20:00,92.19,91.0,405.0,0.68513,1.6476296599928204,Medium,Base
0 days 11:21:00,92.3,91.0,405.0,0.68535,1.6480465530296642,Medium,Base
0 days 11:22:00,92.3,91.0,405.0,0.68535,1.6480465530296642,Medium,Base
0 days 11:23:00,92.3,91.0,405.0,0.68535,1.6480465530296642,Medium,Base
0 days 11:24:00,92.3,91.0,405.0,0.68535,1.6480465530296642,Medium,Base
0 days 11:25:00,92.3,91.0,405.0,0.68535,1.6480465530296642,Medium,Base
0 days 11:26:00,92.41,91.0,405.0,0.68557,1.648463551551259,Medium,Base
0 days 11:27:00,92.41,91.0,405.0,0.68557,1.648463551551259,Medium,Base
0 days 11:28:00,92.52,89.0,405.0,0.67879,1.636325270315789,Medium,Base
0 days 11:29:00,92.41,89.0,405.0,0.67857,1.635911342317243,Medium,Base
0 days 11:30:00,92.41,89.0,405.0,0.67857,1.635911342317243,Medium,Base
0 days 11:31:00,92.52,89.0,405.0,0.67879,1.636325270315789,Medium,Base
0 days 11:32:00,92.52,89.0,405.0,0.67879,1.636325270315789,Medium,Base
0 days 11:33:00,92.52,89.0,405.0,0.67879,1.636325270315789,Medium,Base
0 days 11:34:00,92.52,89.0,405.0,0.67879,1.636325270315789,Medium,Base
0 days 11:35:00,92.64,89.0,405.0,0.67903,1.6367769475825868,Medium,Base
0 days 11:36:00,92.64,91.0,405.0,0.68603,1.649335798532522,Medium,Base
0 days 11:37:00,92.64,91.0,405.0,0.68603,1.649335798532522,Medium,Base
0 days 11:38:00,92.64,91.0,405.0,0.68603,1.649335798532522,Medium,Base
0 days 11:39:00,92.64,91.0,405.0,0.68603,1.649335798532522,Medium,Base
0 days 11:40:00,92.64,91.0,405.0,0.68603,1.649335798532522,Medium,Base
0 days 11:41:00,92.75,91.0,405.0,0.68625,1.649753123266667,Medium,Base
0 days 11:42:00,92.75,91.0,405.0,0.68625,1.649753123266667,Medium,Base
0 days 11:43:00,92.75,91.0,405.0,0.68625,1.649753123266667,Medium,Base
0 days 11:44:00,92.75,88.0,405.0,0.6757500000000001,1.6309459959623664,Medium,Base
0 days 11:45:00,92.75,88.0,405.0,0.6757500000000001,1.6309459959623664,Medium,Base
0 days 11:46:00,92.75,88.0,405.0,0.6757500000000001,1.6309459959623664,Medium,Base
0 days 11:47:00,92.86,88.0,405.0,0.67597,1.6313586675995038,Medium,Base
0 days 11:48:00,92.75,88.0,405.0,0.6757500000000001,1.6309459959623664,Medium,Base
0 days 11:49:00,92.86,88.0,405.0,0.67597,1.6313586675995038,Medium,Base
0 days 11:50:00,92.86,88.0,405.0,0.67597,1.6313586675995038,Medium,Base
0 days 11:51:00,92.86,88.0,405.0,0.67597,1.6313586675995038,Medium,Base
0 days 00:00:00,81.05,85.0,211.0,0.55455,1.271566468178461,Low,After_Lunch
0 days 00:01:00,81.16,85.0,213.0,0.55567,1.2746518039599106,Low,After_Lunch
0 days 00:02:00,81.16,85.0,214.0,0.55612,1.2760358531971634,Low,After_Lunch
0 days 00:03:00,81.27,85.0,215.0,0.55679,1.27774462601685,Low,After_Lunch
0 days 00:04:00,81.27,85.0,216.0,0.55724,1.2791320335186855,Low,After_Lunch
0 days 00:05:00,81.39,85.0,217.0,0.55793,1.2808744115799375,Low,After_Lunch
0 days 00:06:00,81.39,85.0,218.0,0.55838,1.2822652174822682,Low,After_Lunch
0 days 00:07:00,81.39,85.0,218.0,0.55838,1.2822652174822682,Low,After_Lunch
0 days 00:08:00,81.5,85.0,216.0,0.5577,1.2798088571304806,Low,After_Lunch
0 days 00:09:00,81.5,88.0,214.0,0.5673,1.291760099020144,Low,After_Lunch
0 days 00:10:00,81.61,88.0,215.0,0.5679700000000001,1.2934899285866337,Low,After_Lunch
0 days 00:11:00,81.61,88.0,216.0,0.56842,1.2948944327370948,Low,After_Lunch
0 days 00:12:00,81.72,88.0,217.0,0.5690900000000001,1.2966284595714355,Low,After_Lunch
0 days 00:13:00,81.72,88.0,218.0,0.56954,1.298036371618392,Low,After_Lunch
0 days 00:14:00,81.84,88.0,219.0,0.57023,1.2998045003473657,Low,After_Lunch
0 days 00:15:00,81.84,88.0,218.0,0.5697800000000001,1.2983946705038107,Low,After_Lunch
0 days 00:16:00,81.84,88.0,217.0,0.56933,1.2969863698288249,Low,After_Lunch
0 days 00:17:00,81.95,87.0,217.0,0.56605,1.2923659083873764,Low,After_Lunch
0 days 00:18:00,82.06,87.0,217.0,0.56627,1.2926929104809557,Low,After_Lunch
0 days 00:19:00,82.06,87.0,217.0,0.56627,1.2926929104809557,Low,After_Lunch
0 days 00:20:00,82.18,87.0,218.0,0.56696,1.2944537605794104,Low,After_Lunch
0 days 00:21:00,82.18,87.0,219.0,0.5674100000000001,1.2958593112830794,Low,After_Lunch
0 days 00:22:00,82.29,87.0,219.0,0.5676300000000001,1.2961871972981962,Low,After_Lunch
0 days 00:23:00,82.4,87.0,219.0,0.5678500000000001,1.2965151662769787,Low,After_Lunch
0 days 00:24:00,82.4,87.0,221.0,0.56875,1.2993322729504424,Low,After_Lunch
0 days 00:25:00,82.51,90.0,222.0,0.57992,1.3160754563049422,Medium,After_Lunch
0 days 00:26:00,82.51,90.0,222.0,0.57992,1.3160754563049422,Medium,After_Lunch
0 days 00:27:00,82.51,90.0,222.0,0.57992,1.3160754563049422,Medium,After_Lunch
0 days 00:28:00,82.63,90.0,223.0,0.58061,1.3178681570910449,Medium,After_Lunch
0 days 00:29:00,82.74,90.0,224.0,0.58128,1.319632948637556,Medium,After_Lunch
0 days 00:30:00,82.74,90.0,224.0,0.58128,1.319632948637556,Medium,After_Lunch
0 days 00:31:00,82.85,90.0,224.0,0.5815,1.3199668499995156,Medium,After_Lunch
0 days 00:32:00,82.96,90.0,225.0,0.58217,1.3217344519603187,Medium,After_Lunch
0 days 00:33:00,83.07,89.0,226.0,0.57934,1.3184558865030156,Medium,After_Lunch
0 days 00:34:00,83.07,89.0,222.0,0.5775399999999999,1.3127449463425078,Medium,After_Lunch
0 days 00:35:00,83.19,89.0,214.0,0.57418,1.3017563968852461,Low,After_Lunch
0 days 00:36:00,83.3,89.0,212.0,0.5735,1.2992626984230253,Low,After_Lunch
0 days 00:37:00,83.41,89.0,212.0,0.57372,1.2995914455833586,Low,After_Lunch
0 days 00:38:00,83.52,89.0,206.0,0.57124,1.293346245045922,Low,After_Lunch
0 days 00:39:00,83.52,89.0,195.0,0.56629,1.293346245045922,Low,After_Lunch
0 days 00:40:00,83.64,89.0,183.0,0.56113,1.2937032493088172,Low,After_Lunch
0 days 00:41:00,83.75,94.0,179.0,0.57705,1.3189960857125194,Medium,After_Lunch
0 days 00:42:00,83.86,94.0,184.0,0.5795199999999999,1.3193298259316413,Medium,After_Lunch
0 days 00:43:00,83.86,94.0,188.0,0.58132,1.3193298259316413,Medium,After_Lunch
0 days 00:44:00,83.97,94.0,184.0,0.5797399999999999,1.3196636505956947,Medium,After_Lunch
0 days 00:45:00,83.97,94.0,180.0,0.57794,1.3196636505956947,Medium,After_Lunch
0 days 00:46:00,84.09,94.0,182.0,0.5790799999999999,1.3200279192906825,Medium,After_Lunch
0 days 00:47:00,84.09,94.0,181.0,0.57863,1.3200279192906825,Medium,After_Lunch
0 days 00:48:00,84.09,94.0,179.0,0.57773,1.3200279192906825,Medium,After_Lunch
0 days 00:49:00,84.2,103.0,181.0,0.61035,1.3665676188046725,Medium,After_Lunch
0 days 00:50:00,84.2,103.0,183.0,0.61125,1.3665676188046725,Medium,After_Lunch
0 days 00:51:00,84.31,103.0,174.0,0.60742,1.3669133958554804,Medium,After_Lunch
0 days 00:52:00,84.31,103.0,167.0,0.60427,1.3669133958554804,Medium,After_Lunch
0 days 00:53:00,84.31,103.0,164.0,0.60292,1.3669133958554804,Medium,After_Lunch
0 days 00:54:00,84.43,103.0,160.0,0.60136,1.367290706967024,Medium,After_Lunch
0 days 00:55:00,84.43,103.0,164.0,0.60316,1.367290706967024,Medium,After_Lunch
0 days 00:56:00,84.54,104.0,160.0,0.6050800000000001,1.372873520870792,Medium,After_Lunch
0 days 00:57:00,84.54,104.0,156.0,0.60328,1.372873520870792,Medium,After_Lunch
0 days 00:58:00,84.54,104.0,158.0,0.6041799999999999,1.372873520870792,Medium,After_Lunch
0 days 00:59:00,84.54,104.0,157.0,0.60373,1.372873520870792,Medium,After_Lunch
0 days 01:00:00,84.65,104.0,155.0,0.60305,1.3732208934783725,Medium,After_Lunch
0 days 01:01:00,84.65,104.0,157.0,0.60395,1.3732208934783725,Medium,After_Lunch
0 days 01:02:00,84.65,108.0,153.0,0.61615,1.3943749552956,High,After_Lunch
0 days 01:03:00,84.76,108.0,150.0,0.61502,1.3947277683237502,High,After_Lunch
0 days 01:04:00,84.76,108.0,144.0,0.61232,1.3947277683237502,High,After_Lunch
0 days 01:05:00,84.76,108.0,139.0,0.61007,1.3947277683237502,High,After_Lunch
0 days 01:06:00,84.88,108.0,137.0,0.60941,1.3951127570773627,High,After_Lunch
0 days 01:07:00,84.76,108.0,134.0,0.60782,1.3947277683237502,High,After_Lunch
0 days 01:08:00,84.88,108.0,138.0,0.6098600000000001,1.3951127570773627,High,After_Lunch
0 days 01:09:00,84.88,108.0,142.0,0.6116600000000001,1.3951127570773627,High,After_Lunch
0 days 01:10:00,84.99,102.0,144.0,0.59178,1.363830589768362,Medium,After_Lunch
0 days 01:11:00,84.99,102.0,144.0,0.59178,1.363830589768362,Medium,After_Lunch
0 days 01:12:00,84.99,102.0,143.0,0.59133,1.363830589768362,Medium,After_Lunch
0 days 01:13:00,84.99,102.0,144.0,0.59178,1.363830589768362,Medium,After_Lunch
0 days 01:14:00,85.1,102.0,147.0,0.59335,1.364175674279836,Medium,After_Lunch
0 days 01:15:00,85.1,102.0,145.0,0.59245,1.364175674279836,Medium,After_Lunch
0 days 01:16:00,85.21,102.0,145.0,0.59267,1.3645208461066418,Medium,After_Lunch
0 days 01:17:00,85.21,95.0,149.0,0.56997,1.3285002038649236,Medium,After_Lunch
0 days 01:18:00,85.21,95.0,151.0,0.57087,1.3285002038649236,Medium,After_Lunch
0 days 01:19:00,85.32,95.0,152.0,0.5715399999999999,1.3288363488724366,Medium,After_Lunch
0 days 01:20:00,85.32,95.0,154.0,0.57244,1.3288363488724366,Medium,After_Lunch
0 days 01:21:00,85.44,95.0,154.0,0.57268,1.3292031495207972,Medium,After_Lunch
0 days 01:22:00,85.44,95.0,154.0,0.57268,1.3292031495207972,Medium,After_Lunch
0 days 01:23:00,85.55,95.0,157.0,0.5742499999999999,1.3295394723917926,Medium,After_Lunch
0 days 01:24:00,85.55,95.0,159.0,0.5751499999999999,1.3295394723917926,Medium,After_Lunch
0 days 01:25:00,85.66,100.0,160.0,0.59332,1.3555329329365013,Medium,After_Lunch
0 days 01:26:00,85.66,100.0,161.0,0.59377,1.3555329329365013,Medium,After_Lunch
0 days 01:27:00,85.77,100.0,162.0,0.59444,1.3558759179255893,Medium,After_Lunch
0 days 01:28:00,85.89,100.0,163.0,0.59513,1.3562501823458946,Medium,After_Lunch
0 days 01:29:00,85.89,100.0,164.0,0.59558,1.3562501823458946,Medium,After_Lunch
0 days 01:30:00,86.0,100.0,162.0,0.5949,1.3565933488176858,Medium,After_Lunch
0 days 01:31:00,86.11,100.0,159.0,0.59377,1.3569366021194946,Medium,After_Lunch
0 days 01:32:00,86.11,94.0,161.0,0.57367,1.3261748898847356,Medium,After_Lunch
0 days 01:33:00,86.22,94.0,162.0,0.57434,1.3265104465275024,Medium,After_Lunch
0 days 01:34:00,86.22,94.0,156.0,0.5716399999999999,1.3265104465275024,Medium,After_Lunch
0 days 01:35:00,86.34,94.0,151.0,0.56963,1.3268766051536238,Medium,After_Lunch
0 days 01:36:00,86.45,94.0,147.0,0.5680499999999999,1.3272123393485533,Medium,After_Lunch
0 days 01:37:00,86.56,94.0,144.0,0.56692,1.3275481584929416,Medium,After_Lunch
0 days 01:38:00,86.68,94.0,148.0,0.5689599999999999,1.3279146035602203,Medium,After_Lunch
0 days 01:39:00,86.68,94.0,148.0,0.5689599999999999,1.3279146035602203,Medium,After_Lunch
0 days 01:40:00,86.68,99.0,141.0,0.58331,1.3535338175802571,Medium,After_Lunch
0 days 01:41:00,86.9,99.0,133.0,0.58015,1.3542188625584752,Medium,After_Lunch
0 days 01:42:00,86.9,99.0,131.0,0.57925,1.3542188625584752,Medium,After_Lunch
0 days 01:43:00,87.01,99.0,125.0,0.57677,1.3545615150536758,Medium,After_Lunch
0 days 01:44:00,87.13,99.0,121.0,0.57521,1.3549354166574266,Medium,After_Lunch
0 days 01:45:00,87.13,99.0,112.0,0.57116,1.3549354166574266,Medium,After_Lunch
0 days 01:46:00,87.13,99.0,103.0,0.56711,1.3549354166574266,Medium,After_Lunch
0 days 01:47:00,87.24,106.0,102.0,0.59138,1.3920249463618584,High,After_Lunch
0 days 01:48:00,87.24,106.0,96.0,0.58868,1.3920249463618584,High,After_Lunch
0 days 01:49:00,87.24,106.0,88.0,0.5850799999999999,1.3920249463618584,High,After_Lunch
0 days 01:50:00,87.35,106.0,88.0,0.5852999999999999,1.3923771647767986,High,After_Lunch
0 days 01:51:00,87.35,106.0,90.0,0.5861999999999999,1.3923771647767986,High,After_Lunch
0 days 01:52:00,87.35,106.0,91.0,0.58665,1.3923771647767986,High,After_Lunch
0 days 01:53:00,87.35,106.0,92.0,0.5871,1.3923771647767986,High,After_Lunch
0 days 01:54:00,87.46,97.0,87.0,0.55357,1.3456392026422133,Medium,After_Lunch
0 days 01:55:00,87.46,97.0,80.0,0.5504199999999999,1.3456392026422133,Medium,After_Lunch
0 days 01:56:00,87.57,97.0,80.0,0.5506399999999999,1.3459796842609333,Medium,After_Lunch
0 days 01:57:00,87.57,97.0,81.0,0.55109,1.3459796842609333,Medium,After_Lunch
0 days 01:58:00,87.69,97.0,75.0,0.54863,1.3463512170093308,Medium,After_Lunch
0 days 01:59:00,87.69,97.0,76.0,0.54908,1.3463512170093308,Medium,After_Lunch
0 days 02:00:00,87.69,97.0,75.0,0.54863,1.3463512170093308,Medium,After_Lunch
0 days 02:01:00,87.69,97.0,74.0,0.54818,1.3463512170093308,Medium,After_Lunch
0 days 02:02:00,87.8,104.0,78.0,0.5747,1.3832057658254318,High,After_Lunch
0 days 02:03:00,87.8,104.0,81.0,0.57605,1.3832057658254318,High,After_Lunch
0 days 02:04:00,87.8,104.0,79.0,0.5751499999999999,1.3832057658254318,High,After_Lunch
0 days 02:05:00,87.91,104.0,80.0,0.57582,1.3835557527589624,High,After_Lunch
0 days 02:06:00,87.91,104.0,83.0,0.57717,1.3835557527589624,High,After_Lunch
0 days 02:07:00,87.91,104.0,82.0,0.57672,1.3835557527589624,High,After_Lunch
0 days 02:08:00,88.02,104.0,84.0,0.57784,1.3839058282482644,High,After_Lunch
0 days 02:09:00,88.02,104.0,87.0,0.57919,1.3839058282482644,High,After_Lunch
0 days 02:10:00,88.02,93.0,90.0,0.54204,1.326932458782663,Medium,After_Lunch
0 days 02:11:00,88.14,93.0,85.0,0.54003,1.3272987338974467,Medium,After_Lunch
0 days 02:12:00,88.14,93.0,76.0,0.53598,1.3272987338974467,Medium,After_Lunch
0 days 02:13:00,88.14,93.0,68.0,0.5323800000000001,1.3272987338974467,Medium,After_Lunch
0 days 02:14:00,88.14,93.0,62.0,0.5296799999999999,1.3272987338974467,Medium,After_Lunch
0 days 02:15:00,88.14,93.0,58.0,0.52788,1.3272987338974467,Medium,After_Lunch
0 days 02:16:00,88.14,107.0,54.0,0.57508,1.4002506375906791,High,After_Lunch
0 days 02:17:00,88.25,107.0,54.0,0.5752999999999999,1.4006049373188416,High,After_Lunch
0 days 02:18:00,88.25,107.0,54.0,0.5752999999999999,1.4006049373188416,High,After_Lunch
0 days 02:19:00,88.25,107.0,53.0,0.57485,1.4006049373188416,High,After_Lunch
0 days 02:20:00,88.25,107.0,52.0,0.5744,1.4006049373188416,High,After_Lunch
0 days 02:21:00,88.25,107.0,50.0,0.5735,1.4006049373188416,High,After_Lunch
0 days 02:22:00,88.36,107.0,54.0,0.57552,1.4009593266940243,High,After_Lunch
0 days 02:23:00,88.36,105.0,59.0,0.57077,1.3902917359059468,High,After_Lunch
0 days 02:24:00,88.36,105.0,57.0,0.56987,1.3902917359059468,High,After_Lunch
0 days 02:25:00,88.36,105.0,56.0,0.56942,1.3902917359059468,High,After_Lunch
0 days 02:26:00,88.36,105.0,61.0,0.5716699999999999,1.3902917359059468,High,After_Lunch
0 days 02:27:00,88.36,105.0,61.0,0.5716699999999999,1.3902917359059468,High,After_Lunch
0 days 02:28:00,88.36,105.0,58.0,0.5703199999999999,1.3902917359059468,High,After_Lunch
0 days 02:29:00,88.47,105.0,58.0,0.57054,1.3906435157736892,High,After_Lunch
0 days 02:30:00,88.47,105.0,61.0,0.57189,1.3906435157736892,High,After_Lunch
0 days 02:31:00,88.36,102.0,53.0,0.5575699999999999,1.3744424592484035,Medium,After_Lunch
0 days 02:32:00,88.47,102.0,50.0,0.55644,1.374790228838085,Medium,After_Lunch
0 days 02:33:00,88.47,102.0,54.0,0.55824,1.374790228838085,Medium,After_Lunch
0 days 02:34:00,88.47,102.0,51.0,0.55689,1.374790228838085,Medium,After_Lunch
0 days 02:35:00,88.47,102.0,51.0,0.55689,1.374790228838085,Medium,After_Lunch
0 days 02:36:00,88.47,102.0,52.0,0.55734,1.374790228838085,Medium,After_Lunch
0 days 02:37:00,88.47,102.0,53.0,0.55779,1.374790228838085,Medium,After_Lunch
0 days 02:38:00,88.47,100.0,56.0,0.55214,1.3643219023840258,Medium,After_Lunch
0 days 02:39:00,88.47,100.0,57.0,0.55259,1.3643219023840258,Medium,After_Lunch
0 days 02:40:00,88.47,100.0,57.0,0.55259,1.3643219023840258,Medium,After_Lunch
0 days 02:41:00,88.47,100.0,61.0,0.5543899999999999,1.3643219023840258,Medium,After_Lunch
0 days 02:42:00,88.47,100.0,61.0,0.5543899999999999,1.3643219023840258,Medium,After_Lunch
0 days 02:43:00,88.47,100.0,59.0,0.55349,1.3643219023840258,Medium,After_Lunch
0 days 02:44:00,88.47,100.0,59.0,0.55349,1.3643219023840258,Medium,After_Lunch
0 days 02:45:00,88.47,100.0,61.0,0.5543899999999999,1.3643219023840258,Medium,After_Lunch
0 days 02:46:00,88.47,97.0,64.0,0.54524,1.3487686809108794,Medium,After_Lunch
0 days 02:47:00,88.47,97.0,61.0,0.54389,1.3487686809108794,Medium,After_Lunch
0 days 02:48:00,88.47,97.0,57.0,0.54209,1.3487686809108794,Medium,After_Lunch
0 days 02:49:00,88.47,97.0,55.0,0.54119,1.3487686809108794,Medium,After_Lunch
0 days 02:50:00,88.47,97.0,53.0,0.5402899999999999,1.3487686809108794,Medium,After_Lunch
0 days 02:51:00,88.36,97.0,52.0,0.53962,1.3484274937821839,Medium,After_Lunch
0 days 02:52:00,88.36,97.0,49.0,0.53827,1.3484274937821839,Medium,After_Lunch
0 days 02:53:00,88.36,102.0,49.0,0.55577,1.3744424592484035,Medium,After_Lunch
0 days 02:54:00,88.47,102.0,52.0,0.55734,1.374790228838085,Medium,After_Lunch
0 days 02:55:00,88.36,102.0,50.0,0.5562199999999999,1.3744424592484035,Medium,After_Lunch
0 days 02:56:00,88.36,102.0,47.0,0.55487,1.3744424592484035,Medium,After_Lunch
0 days 02:57:00,88.36,102.0,47.0,0.55487,1.3744424592484035,Medium,After_Lunch
0 days 02:58:00,88.36,102.0,50.0,0.5562199999999999,1.3744424592484035,Medium,After_Lunch
0 days 02:59:00,88.36,102.0,50.0,0.5562199999999999,1.3744424592484035,Medium,After_Lunch
0 days 03:00:00,88.36,102.0,51.0,0.55667,1.3744424592484035,Medium,After_Lunch
0 days 03:02:00,88.36,102.0,29.0,0.54677,1.3744424592484035,Medium,After_Lunch
0 days 03:03:00,88.36,102.0,57.0,0.5593699999999999,1.3744424592484035,Medium,After_Lunch
0 days 03:04:00,88.36,102.0,58.0,0.55982,1.3744424592484035,Medium,After_Lunch
0 days 03:05:00,88.25,102.0,60.0,0.5605,1.3740947776311883,Medium,After_Lunch
0 days 03:07:00,88.36,102.0,29.0,0.54677,1.3744424592484035,Medium,After_Lunch
0 days 03:08:00,88.25,102.0,59.0,0.5600499999999999,1.3740947776311883,Medium,After_Lunch
0 days 03:09:00,88.25,102.0,59.0,0.5600499999999999,1.3740947776311883,Medium,After_Lunch
0 days 03:10:00,88.25,102.0,57.0,0.55915,1.3740947776311883,Medium,After_Lunch
0 days 03:11:00,88.25,102.0,56.0,0.5587,1.3740947776311883,Medium,After_Lunch
0 days 03:12:00,88.25,107.0,54.0,0.5752999999999999,1.4006049373188416,High,After_Lunch
0 days 03:13:00,88.25,107.0,53.0,0.57485,1.4006049373188416,High,After_Lunch
0 days 03:14:00,88.25,107.0,55.0,0.57575,1.4006049373188416,High,After_Lunch
0 days 03:15:00,88.25,107.0,59.0,0.57755,1.4006049373188416,High,After_Lunch
0 days 03:16:00,88.14,107.0,59.0,0.57733,1.4002506375906791,High,After_Lunch
0 days 03:17:00,88.14,107.0,60.0,0.57778,1.4002506375906791,High,After_Lunch
0 days 03:18:00,88.14,107.0,63.0,0.5791299999999999,1.4002506375906791,High,After_Lunch
0 days 03:19:00,88.14,107.0,63.0,0.5791299999999999,1.4002506375906791,High,After_Lunch
0 days 03:20:00,88.14,93.0,64.0,0.53058,1.3272987338974467,Medium,After_Lunch
0 days 03:21:00,88.14,93.0,63.0,0.53013,1.3272987338974467,Medium,After_Lunch
0 days 03:22:00,88.14,93.0,59.0,0.52833,1.3272987338974467,Medium,After_Lunch
0 days 03:23:00,88.14,93.0,55.0,0.5265299999999999,1.3272987338974467,Medium,After_Lunch
0 days 03:24:00,88.14,93.0,50.0,0.5242800000000001,1.3272987338974467,Medium,After_Lunch
0 days 03:25:00,88.14,93.0,45.0,0.52203,1.3272987338974467,Medium,After_Lunch
0 days 03:26:00,88.14,93.0,45.0,0.52203,1.3272987338974467,Medium,After_Lunch
0 days 03:27:00,88.14,93.0,50.0,0.5242800000000001,1.3272987338974467,Medium,After_Lunch
0 days 03:28:00,88.14,98.0,50.0,0.5417799999999999,1.352906066056514,Medium,After_Lunch
0 days 03:29:00,88.14,98.0,46.0,0.5399799999999999,1.352906066056514,Medium,After_Lunch
0 days 03:30:00,88.02,98.0,44.0,0.53884,1.3525327244628085,Medium,After_Lunch
0 days 03:31:00,88.02,98.0,48.0,0.54064,1.3525327244628085,Medium,After_Lunch
0 days 03:32:00,88.02,98.0,52.0,0.5424399999999999,1.3525327244628085,Medium,After_Lunch
0 days 03:33:00,88.02,98.0,51.0,0.54199,1.3525327244628085,Medium,After_Lunch
0 days 03:34:00,88.02,98.0,49.0,0.54109,1.3525327244628085,Medium,After_Lunch
0 days 03:35:00,88.02,98.0,47.0,0.54019,1.3525327244628085,Medium,After_Lunch
0 days 03:36:00,88.02,97.0,45.0,0.53579,1.3473734609504007,Medium,After_Lunch
0 days 03:37:00,88.02,97.0,47.0,0.53669,1.3473734609504007,Medium,After_Lunch
0 days 03:38:00,88.02,97.0,49.0,0.53759,1.3473734609504007,Medium,After_Lunch
0 days 03:39:00,88.02,97.0,49.0,0.53759,1.3473734609504007,Medium,After_Lunch
0 days 03:40:00,88.02,97.0,51.0,0.5384899999999999,1.3473734609504007,Medium,After_Lunch
0 days 03:41:00,87.91,97.0,53.0,0.5391699999999999,1.3470326267592392,Medium,After_Lunch
0 days 03:42:00,88.02,97.0,53.0,0.5393899999999999,1.3473734609504007,Medium,After_Lunch
0 days 03:43:00,87.91,97.0,55.0,0.5400699999999999,1.3470326267592392,Medium,After_Lunch
0 days 03:44:00,87.91,89.0,58.0,0.51342,1.3064709960030076,Low,After_Lunch
0 days 03:45:00,87.91,89.0,59.0,0.51387,1.3064709960030076,Low,After_Lunch
0 days 03:46:00,87.91,89.0,60.0,0.51432,1.3064709960030076,Low,After_Lunch
0 days 03:47:00,87.91,89.0,59.0,0.51387,1.3064709960030076,Low,After_Lunch
0 days 03:48:00,87.91,89.0,59.0,0.51387,1.3064709960030076,Low,After_Lunch
0 days 03:49:00,87.91,89.0,61.0,0.51477,1.3064709960030076,Low,After_Lunch
0 days 03:50:00,87.91,89.0,60.0,0.51432,1.3064709960030076,Low,After_Lunch
0 days 03:51:00,87.91,89.0,60.0,0.51432,1.3064709960030076,Low,After_Lunch
0 days 03:52:00,87.91,91.0,58.0,0.52042,1.3164954373500393,Medium,After_Lunch
0 days 03:53:00,87.91,91.0,53.0,0.51817,1.3164954373500393,Medium,After_Lunch
0 days 03:54:00,87.8,91.0,53.0,0.51795,1.3161624141233235,Medium,After_Lunch
0 days 03:55:00,87.8,91.0,58.0,0.5202,1.3161624141233235,Medium,After_Lunch
0 days 03:56:00,87.8,91.0,61.0,0.52155,1.3161624141233235,Medium,After_Lunch
0 days 03:57:00,87.8,91.0,61.0,0.52155,1.3161624141233235,Medium,After_Lunch
0 days 03:58:00,87.8,91.0,58.0,0.5202,1.3161624141233235,Medium,After_Lunch
0 days 03:59:00,87.8,91.0,54.0,0.5184,1.3161624141233235,Medium,After_Lunch
0 days 04:00:00,87.8,96.0,51.0,0.53455,1.3415548952980547,Medium,After_Lunch
0 days 04:01:00,87.8,96.0,50.0,0.5341,1.3415548952980547,Medium,After_Lunch
0 days 04:02:00,87.8,96.0,50.0,0.5341,1.3415548952980547,Medium,After_Lunch
0 days 04:03:00,87.8,96.0,50.0,0.5341,1.3415548952980547,Medium,After_Lunch
0 days 04:04:00,87.8,96.0,51.0,0.53455,1.3415548952980547,Medium,After_Lunch
0 days 04:05:00,87.8,96.0,52.0,0.5349999999999999,1.3415548952980547,Medium,After_Lunch
0 days 04:06:00,87.8,96.0,52.0,0.5349999999999999,1.3415548952980547,Medium,After_Lunch
0 days 04:07:00,87.8,100.0,53.0,0.54945,1.3622211517766134,Medium,After_Lunch
0 days 04:08:00,87.69,100.0,55.0,0.55013,1.3618765616849238,Medium,After_Lunch
0 days 04:09:00,87.8,100.0,55.0,0.55035,1.3622211517766134,Medium,After_Lunch
0 days 04:10:00,87.8,100.0,52.0,0.5489999999999999,1.3622211517766134,Medium,After_Lunch
0 days 04:11:00,87.8,100.0,52.0,0.5489999999999999,1.3622211517766134,Medium,After_Lunch
0 days 04:12:00,87.8,100.0,50.0,0.5481,1.3622211517766134,Medium,After_Lunch
0 days 04:13:00,87.69,100.0,46.0,0.54608,1.3618765616849238,Medium,After_Lunch
0 days 04:14:00,87.8,100.0,45.0,0.54585,1.3622211517766134,Medium,After_Lunch
0 days 04:15:00,87.8,97.0,47.0,0.53625,1.3466918787861526,Medium,After_Lunch
0 days 04:16:00,87.69,97.0,51.0,0.5378299999999999,1.3463512170093308,Medium,After_Lunch
0 days 04:17:00,87.69,97.0,50.0,0.53738,1.3463512170093308,Medium,After_Lunch
0 days 04:18:00,87.8,97.0,46.0,0.5357999999999999,1.3466918787861526,Medium,After_Lunch
0 days 04:19:00,87.69,97.0,45.0,0.53513,1.3463512170093308,Medium,After_Lunch
0 days 04:20:00,87.69,97.0,46.0,0.53558,1.3463512170093308,Medium,After_Lunch
0 days 04:21:00,87.69,97.0,48.0,0.53648,1.3463512170093308,Medium,After_Lunch
0 days 04:22:00,87.69,99.0,47.0,0.54303,1.3566816559159007,Medium,After_Lunch
0 days 04:23:00,87.69,99.0,47.0,0.54303,1.3566816559159007,Medium,After_Lunch
0 days 04:25:00,87.69,99.0,22.0,0.53178,1.3566816559159007,Medium,After_Lunch
0 days 04:26:00,87.69,99.0,46.0,0.54258,1.3566816559159007,Medium,After_Lunch
0 days 04:27:00,87.69,99.0,46.0,0.54258,1.3566816559159007,Medium,After_Lunch
0 days 04:28:00,87.69,99.0,42.0,0.5407799999999999,1.3566816559159007,Medium,After_Lunch
0 days 04:29:00,87.69,99.0,41.0,0.54033,1.3566816559159007,Medium,After_Lunch
0 days 04:30:00,87.69,106.0,40.0,0.56438,1.3934664034240143,High,After_Lunch
0 days 04:31:00,87.57,106.0,37.0,0.56279,1.3930818689904112,High,After_Lunch
0 days 04:32:00,87.57,106.0,38.0,0.56324,1.3930818689904112,High,After_Lunch
0 days 04:33:00,87.57,106.0,38.0,0.56324,1.3930818689904112,High,After_Lunch
0 days 04:34:00,87.57,106.0,36.0,0.56234,1.3930818689904112,High,After_Lunch
0 days 04:35:00,87.57,106.0,36.0,0.56234,1.3930818689904112,High,After_Lunch
0 days 04:36:00,87.57,106.0,36.0,0.56234,1.3930818689904112,High,After_Lunch
0 days 04:37:00,87.57,106.0,39.0,0.56369,1.3930818689904112,High,After_Lunch
0 days 04:38:00,87.57,100.0,39.0,0.54269,1.3615007446354435,Medium,After_Lunch
0 days 04:39:00,87.57,100.0,39.0,0.54269,1.3615007446354435,Medium,After_Lunch
0 days 04:40:00,87.57,100.0,41.0,0.54359,1.3615007446354435,Medium,After_Lunch
0 days 04:41:00,87.46,100.0,39.0,0.54247,1.361156336779335,Medium,After_Lunch
0 days 04:42:00,87.57,100.0,40.0,0.54314,1.3615007446354435,Medium,After_Lunch
0 days 04:43:00,87.46,100.0,42.0,0.54382,1.361156336779335,Medium,After_Lunch
0 days 04:44:00,87.46,100.0,44.0,0.54472,1.361156336779335,Medium,After_Lunch
0 days 04:45:00,87.46,100.0,44.0,0.54472,1.361156336779335,Medium,After_Lunch
0 days 04:46:00,87.46,95.0,43.0,0.52677,1.3353928463857072,Medium,After_Lunch
0 days 04:47:00,87.46,95.0,42.0,0.5263199999999999,1.3353928463857072,Medium,After_Lunch
0 days 04:48:00,87.46,95.0,42.0,0.5263199999999999,1.3353928463857072,Medium,After_Lunch
0 days 04:49:00,87.46,95.0,42.0,0.5263199999999999,1.3353928463857072,Medium,After_Lunch
0 days 04:50:00,87.46,95.0,38.0,0.52452,1.3353928463857072,Medium,After_Lunch
0 days 04:51:00,87.46,95.0,38.0,0.52452,1.3353928463857072,Medium,After_Lunch
0 days 04:52:00,87.35,95.0,41.0,0.52565,1.335055042833929,Medium,After_Lunch
0 days 04:53:00,87.35,101.0,40.0,0.5462,1.36602273748602,Medium,After_Lunch
0 days 04:54:00,87.35,101.0,41.0,0.54665,1.36602273748602,Medium,After_Lunch
0 days 04:55:00,87.35,101.0,41.0,0.54665,1.36602273748602,Medium,After_Lunch
0 days 04:56:00,87.35,101.0,39.0,0.54575,1.36602273748602,Medium,After_Lunch
0 days 04:57:00,87.35,101.0,40.0,0.5462,1.36602273748602,Medium,After_Lunch
0 days 04:58:00,87.35,101.0,42.0,0.5470999999999999,1.36602273748602,Medium,After_Lunch
0 days 04:59:00,87.35,101.0,44.0,0.5479999999999999,1.36602273748602,Medium,After_Lunch
0 days 05:00:00,87.35,101.0,46.0,0.5488999999999999,1.36602273748602,Medium,After_Lunch
0 days 05:01:00,87.35,101.0,56.0,0.5534,1.36602273748602,Medium,After_Lunch
0 days 05:02:00,87.24,101.0,59.0,0.55453,1.3656771857378722,Medium,After_Lunch
0 days 05:03:00,87.35,101.0,53.0,0.5520499999999999,1.36602273748602,Medium,After_Lunch
0 days 05:04:00,87.24,101.0,52.0,0.55138,1.3656771857378722,Medium,After_Lunch
0 days 05:05:00,87.24,101.0,51.0,0.5509299999999999,1.3656771857378722,Medium,After_Lunch
0 days 05:06:00,87.24,101.0,51.0,0.5509299999999999,1.3656771857378722,Medium,After_Lunch
0 days 05:07:00,87.24,101.0,50.0,0.55048,1.3656771857378722,Medium,After_Lunch
0 days 05:08:00,87.24,93.0,49.0,0.52203,1.324554133007235,Medium,After_Lunch
0 days 05:09:00,87.24,93.0,50.0,0.52248,1.324554133007235,Medium,After_Lunch
0 days 05:10:00,87.24,93.0,54.0,0.52428,1.324554133007235,Medium,After_Lunch
0 days 05:11:00,87.13,93.0,55.0,0.52451,1.324219071237312,Medium,After_Lunch
0 days 05:12:00,87.24,93.0,53.0,0.52383,1.324554133007235,Medium,After_Lunch
0 days 05:13:00,87.24,93.0,53.0,0.52383,1.324554133007235,Medium,After_Lunch
0 days 05:14:00,87.13,93.0,56.0,0.52496,1.324219071237312,Medium,After_Lunch
0 days 05:15:00,87.13,93.0,57.0,0.52541,1.324219071237312,Medium,After_Lunch
0 days 05:16:00,87.24,87.0,58.0,0.50508,1.294526530379901,Low,After_Lunch
0 days 05:17:00,87.24,87.0,56.0,0.50418,1.294526530379901,Low,After_Lunch
0 days 05:18:00,87.13,87.0,53.0,0.50261,1.294199064450293,Low,After_Lunch
0 days 05:19:00,87.24,87.0,50.0,0.50148,1.294526530379901,Low,After_Lunch
0 days 05:20:00,87.24,87.0,50.0,0.50148,1.294526530379901,Low,After_Lunch
0 days 05:21:00,87.24,87.0,53.0,0.50283,1.294526530379901,Low,After_Lunch
0 days 05:22:00,87.24,87.0,51.0,0.50193,1.294526530379901,Low,After_Lunch
0 days 05:23:00,87.24,87.0,48.0,0.50058,1.294526530379901,Low,After_Lunch
0 days 05:24:00,87.24,87.0,46.0,0.49968,1.294526530379901,Low,After_Lunch
0 days 05:25:00,87.35,87.0,42.0,0.4981,1.294854079166882,Low,After_Lunch
0 days 05:26:00,87.35,87.0,39.0,0.49675,1.294854079166882,Low,After_Lunch
0 days 05:27:00,87.35,87.0,37.0,0.49585,1.294854079166882,Low,After_Lunch
0 days 05:28:00,87.35,87.0,36.0,0.49539999999999995,1.294854079166882,Low,After_Lunch
0 days 05:29:00,87.35,87.0,39.0,0.49675,1.294854079166882,Low,After_Lunch
0 days 05:30:00,87.35,87.0,41.0,0.49765000000000004,1.294854079166882,Low,After_Lunch
0 days 05:31:00,87.46,87.0,42.0,0.49832,1.295181710832202,Low,After_Lunch
0 days 05:32:00,87.46,87.0,41.0,0.49787000000000003,1.295181710832202,Low,After_Lunch
0 days 05:33:00,87.46,92.0,41.0,0.51537,1.320169415128612,Medium,After_Lunch
0 days 05:34:00,87.46,92.0,44.0,0.51672,1.320169415128612,Medium,After_Lunch
0 days 05:35:00,87.46,92.0,45.0,0.51717,1.320169415128612,Medium,After_Lunch
0 days 05:36:00,87.46,92.0,46.0,0.51762,1.320169415128612,Medium,After_Lunch
0 days 05:37:00,87.46,92.0,46.0,0.51762,1.320169415128612,Medium,After_Lunch
0 days 05:38:00,87.46,92.0,49.0,0.51897,1.320169415128612,Medium,After_Lunch
0 days 05:39:00,87.46,92.0,50.0,0.51942,1.320169415128612,Medium,After_Lunch
0 days 05:40:00,87.46,92.0,49.0,0.51897,1.320169415128612,Medium,After_Lunch
0 days 05:41:00,87.46,92.0,48.0,0.51852,1.320169415128612,Medium,After_Lunch
0 days 05:42:00,87.57,84.0,48.0,0.49073999999999995,1.2807406637295606,Low,After_Lunch
0 days 05:43:00,87.57,84.0,48.0,0.49073999999999995,1.2807406637295606,Low,After_Lunch
0 days 05:44:00,87.57,84.0,48.0,0.49073999999999995,1.2807406637295606,Low,After_Lunch
0 days 05:45:00,87.57,84.0,45.0,0.48939,1.2807406637295606,Low,After_Lunch
0 days 05:46:00,87.57,84.0,44.0,0.48893999999999993,1.2807406637295606,Low,After_Lunch
0 days 05:47:00,87.69,84.0,47.0,0.49053,1.2810941884553375,Low,After_Lunch
0 days 05:48:00,87.69,84.0,50.0,0.49188,1.2810941884553375,Low,After_Lunch
0 days 05:49:00,87.69,84.0,51.0,0.49232999999999993,1.2810941884553375,Low,After_Lunch
0 days 05:50:00,87.8,84.0,52.0,0.493,1.281418338511431,Low,After_Lunch
0 days 05:51:00,87.8,84.0,53.0,0.49344999999999994,1.281418338511431,Low,After_Lunch
0 days 05:52:00,87.91,84.0,54.0,0.49412,1.281742570585896,Low,After_Lunch
0 days 05:53:00,87.91,84.0,52.0,0.49322,1.281742570585896,Low,After_Lunch
0 days 05:54:00,88.02,84.0,52.0,0.49344,1.2820668846994852,Low,After_Lunch
0 days 05:55:00,88.02,84.0,54.0,0.49434,1.2820668846994852,Low,After_Lunch
0 days 05:56:00,88.02,84.0,53.0,0.49388999999999994,1.2820668846994852,Low,After_Lunch
0 days 05:57:00,88.14,84.0,51.0,0.49322999999999995,1.2824207755039836,Low,After_Lunch
0 days 05:58:00,88.14,84.0,52.0,0.49367999999999995,1.2824207755039836,Low,After_Lunch
0 days 05:59:00,88.25,86.0,54.0,0.5018,1.2925876570136672,Low,After_Lunch
0 days 06:00:00,88.25,86.0,56.0,0.5026999999999999,1.2925876570136672,Low,After_Lunch
0 days 06:01:00,88.36,86.0,57.0,0.50337,1.2929147152154001,Low,After_Lunch
0 days 06:02:00,88.36,86.0,57.0,0.50337,1.2929147152154001,Low,After_Lunch
0 days 06:03:00,88.47,86.0,55.0,0.50269,1.2932418561713408,Low,After_Lunch
0 days 00:00:00,94.66,106.0,221.0,0.65977,1.43715043450409,Medium,Stress_Induced
0 days 00:01:00,94.66,106.0,222.0,0.66022,1.4387109288732294,Medium,Stress_Induced
0 days 00:02:00,94.66,106.0,225.0,0.66157,1.4434025858880795,Medium,Stress_Induced
0 days 00:03:00,94.77,106.0,226.0,0.66224,1.4453354838552102,Medium,Stress_Induced
0 days 00:04:00,94.77,106.0,227.0,0.66269,1.446904865758401,Medium,Stress_Induced
0 days 00:05:00,94.77,106.0,227.0,0.66269,1.446904865758401,Medium,Stress_Induced
0 days 00:06:00,94.89,106.0,221.0,0.66023,1.437910869957417,Medium,Stress_Induced
0 days 00:07:00,94.89,106.0,217.0,0.6584300000000001,1.4316825061429472,Low,Stress_Induced
0 days 00:08:00,94.89,96.0,217.0,0.6234299999999999,1.3779986448327237,Low,Stress_Induced
0 days 00:09:00,94.89,96.0,213.0,0.6216299999999999,1.3720297930247398,Low,Stress_Induced
0 days 00:10:00,94.89,96.0,210.0,0.6202799999999999,1.3675701271865583,Low,Stress_Induced
0 days 00:11:00,94.89,96.0,200.0,0.61578,1.3636104430049092,Low,Stress_Induced
0 days 00:12:00,95.0,96.0,196.0,0.6142,1.3639554718135423,Low,Stress_Induced
0 days 00:13:00,95.0,96.0,202.0,0.6169,1.3639554718135423,Low,Stress_Induced
0 days 00:14:00,95.0,96.0,203.0,0.6173500000000001,1.3639554718135423,Low,Stress_Induced
0 days 00:15:00,95.11,96.0,197.0,0.61487,1.364300587923413,Low,Stress_Induced
0 days 00:16:00,95.0,96.0,196.0,0.6142,1.3639554718135423,Low,Stress_Induced
0 days 00:17:00,95.11,96.0,195.0,0.6139699999999999,1.364300587923413,Low,Stress_Induced
0 days 00:18:00,95.11,96.0,193.0,0.61307,1.364300587923413,Low,Stress_Induced
0 days 00:19:00,95.11,96.0,192.0,0.6126199999999999,1.364300587923413,Low,Stress_Induced
0 days 00:20:00,95.11,96.0,190.0,0.61172,1.364300587923413,Low,Stress_Induced
0 days 00:21:00,95.11,96.0,189.0,0.61127,1.364300587923413,Low,Stress_Induced
0 days 00:22:00,95.22,96.0,189.0,0.61149,1.3646457913566101,Low,Stress_Induced
0 days 00:23:00,95.22,104.0,191.0,0.64039,1.407013558319211,Low,Stress_Induced
0 days 00:24:00,95.22,104.0,190.0,0.63994,1.407013558319211,Low,Stress_Induced
0 days 00:25:00,95.22,104.0,189.0,0.63949,1.407013558319211,Low,Stress_Induced
0 days 00:26:00,95.22,104.0,188.0,0.63904,1.407013558319211,Low,Stress_Induced
0 days 00:27:00,95.22,104.0,183.0,0.63679,1.407013558319211,Low,Stress_Induced
0 days 00:28:00,95.22,104.0,183.0,0.63679,1.407013558319211,Low,Stress_Induced
0 days 00:29:00,95.22,104.0,183.0,0.63679,1.407013558319211,Low,Stress_Induced
0 days 00:30:00,95.22,107.0,182.0,0.6468400000000001,1.4232384260804343,Low,Stress_Induced
0 days 00:31:00,95.34,107.0,181.0,0.64663,1.4236312846727663,Low,Stress_Induced
0 days 00:32:00,95.34,107.0,182.0,0.6470800000000001,1.4236312846727663,Low,Stress_Induced
0 days 00:33:00,95.34,107.0,181.0,0.64663,1.4236312846727663,Low,Stress_Induced
0 days 00:34:00,95.34,107.0,180.0,0.64618,1.4236312846727663,Low,Stress_Induced
0 days 00:35:00,95.34,107.0,184.0,0.64798,1.4236312846727663,Low,Stress_Induced
0 days 00:36:00,95.34,112.0,186.0,0.66638,1.4510971431473,Medium,Stress_Induced
0 days 00:37:00,95.34,112.0,185.0,0.66593,1.4510971431473,Medium,Stress_Induced
0 days 00:38:00,95.34,112.0,186.0,0.66638,1.4510971431473,Medium,Stress_Induced
0 days 00:39:00,95.34,112.0,189.0,0.66773,1.4510971431473,Medium,Stress_Induced
0 days 00:40:00,95.45,112.0,191.0,0.66885,1.4514643083601215,Medium,Stress_Induced
0 days 00:41:00,95.45,112.0,189.0,0.66795,1.4514643083601215,Medium,Stress_Induced
0 days 00:42:00,95.45,112.0,187.0,0.66705,1.4514643083601215,Medium,Stress_Induced
0 days 00:43:00,95.45,107.0,189.0,0.65045,1.4239915003110402,Low,Stress_Induced
0 days 00:44:00,95.45,107.0,189.0,0.65045,1.4239915003110402,Low,Stress_Induced
0 days 00:45:00,95.45,107.0,186.0,0.6491,1.4239915003110402,Low,Stress_Induced
0 days 00:46:00,95.45,107.0,184.0,0.6482,1.4239915003110402,Low,Stress_Induced
0 days 00:47:00,95.45,107.0,187.0,0.6495500000000001,1.4239915003110402,Low,Stress_Induced
0 days 00:48:00,95.56,107.0,188.0,0.65022,1.424351807093213,Low,Stress_Induced
0 days 00:49:00,95.56,107.0,186.0,0.64932,1.424351807093213,Low,Stress_Induced
0 days 00:50:00,95.56,103.0,183.0,0.6339699999999999,1.4027429664708984,Low,Stress_Induced
0 days 00:51:00,95.56,103.0,185.0,0.63487,1.4027429664708984,Low,Stress_Induced
0 days 00:52:00,95.56,103.0,185.0,0.63487,1.4027429664708984,Low,Stress_Induced
0 days 00:53:00,95.56,103.0,179.0,0.63217,1.4027429664708984,Low,Stress_Induced
0 days 00:54:00,95.56,103.0,175.0,0.63037,1.4027429664708984,Low,Stress_Induced
0 days 00:55:00,95.56,103.0,172.0,0.6290199999999999,1.4027429664708984,Low,Stress_Induced
0 days 00:56:00,95.56,103.0,171.0,0.6285700000000001,1.4027429664708984,Low,Stress_Induced
0 days 00:57:00,95.56,113.0,168.0,0.66222,1.4573908132944755,Medium,Stress_Induced
0 days 00:58:00,95.56,113.0,164.0,0.66042,1.4573908132944755,Medium,Stress_Induced
0 days 00:59:00,95.56,113.0,162.0,0.65952,1.4573908132944755,Medium,Stress_Induced
0 days 01:00:00,95.68,113.0,160.0,0.65886,1.4577930990203924,Medium,Stress_Induced
0 days 01:01:00,95.68,113.0,155.0,0.6566099999999999,1.4577930990203924,Medium,Stress_Induced
0 days 01:02:00,95.56,113.0,152.0,0.6550199999999999,1.4573908132944755,Medium,Stress_Induced
0 days 01:03:00,95.68,119.0,148.0,0.6744600000000001,1.4916078033643874,Medium,Stress_Induced
0 days 01:04:00,95.56,119.0,149.0,0.67467,1.4911961862917296,Medium,Stress_Induced
0 days 01:05:00,95.56,119.0,150.0,0.6751199999999999,1.4911961862917296,Medium,Stress_Induced
0 days 01:06:00,95.56,119.0,149.0,0.67467,1.4911961862917296,Medium,Stress_Induced
0 days 01:07:00,95.56,119.0,147.0,0.67377,1.4911961862917296,Medium,Stress_Induced
0 days 01:08:00,95.56,119.0,149.0,0.67467,1.4911961862917296,Medium,Stress_Induced
0 days 01:09:00,95.56,124.0,151.0,0.6930700000000001,1.5199655620784294,Medium,Stress_Induced
0 days 01:10:00,95.56,124.0,151.0,0.6930700000000001,1.5199655620784294,Medium,Stress_Induced
0 days 01:11:00,95.56,124.0,151.0,0.6930700000000001,1.5199655620784294,Medium,Stress_Induced
0 days 01:12:00,95.56,124.0,151.0,0.6930700000000001,1.5199655620784294,Medium,Stress_Induced
0 days 01:13:00,95.56,124.0,152.0,0.6935199999999999,1.5199655620784294,Medium,Stress_Induced
0 days 01:14:00,95.45,124.0,153.0,0.6937500000000001,1.5195810686562574,Medium,Stress_Induced
0 days 01:15:00,95.45,128.0,150.0,0.7063999999999999,1.5429897656949538,High,Stress_Induced
0 days 01:16:00,95.45,128.0,146.0,0.7045999999999999,1.5429897656949538,High,Stress_Induced
0 days 01:17:00,95.45,128.0,142.0,0.7027999999999999,1.5429897656949538,High,Stress_Induced
0 days 01:18:00,95.45,128.0,139.0,0.7014499999999999,1.5429897656949538,High,Stress_Induced
0 days 01:19:00,95.45,128.0,137.0,0.70055,1.5429897656949538,High,Stress_Induced
0 days 01:20:00,95.45,138.0,138.0,0.736,1.599241945892282,High,Stress_Induced
0 days 01:21:00,95.45,138.0,146.0,0.7396,1.599241945892282,High,Stress_Induced
0 days 01:22:00,95.45,138.0,151.0,0.7418499999999999,1.599241945892282,High,Stress_Induced
0 days 01:23:00,95.45,138.0,148.0,0.7404999999999999,1.599241945892282,High,Stress_Induced
0 days 01:24:00,95.45,138.0,149.0,0.74095,1.599241945892282,High,Stress_Induced
0 days 01:25:00,95.34,138.0,152.0,0.7420799999999999,1.5988373985630544,High,Stress_Induced
0 days 01:26:00,95.34,132.0,155.0,0.7224299999999999,1.5663627363923918,High,Stress_Induced
0 days 01:27:00,95.45,132.0,152.0,0.7213,1.5667590667898286,High,Stress_Induced
0 days 01:28:00,95.34,132.0,151.0,0.7206299999999999,1.5663627363923918,High,Stress_Induced
0 days 01:29:00,95.34,132.0,154.0,0.7219800000000001,1.5663627363923918,High,Stress_Induced
0 days 01:30:00,95.34,132.0,155.0,0.7224299999999999,1.5663627363923918,High,Stress_Induced
0 days 01:31:00,95.34,132.0,156.0,0.72288,1.5663627363923918,High,Stress_Induced
0 days 01:32:00,95.22,126.0,159.0,0.70299,1.5304308928634627,Medium,Stress_Induced
0 days 01:33:00,95.34,126.0,157.0,0.7023299999999999,1.5308533399497797,Medium,Stress_Induced
0 days 01:34:00,95.22,126.0,153.0,0.7002899999999999,1.5304308928634627,Medium,Stress_Induced
0 days 01:35:00,95.22,126.0,153.0,0.7002899999999999,1.5304308928634627,Medium,Stress_Induced
0 days 01:36:00,95.22,126.0,152.0,0.69984,1.5304308928634627,Medium,Stress_Induced
0 days 01:37:00,95.22,126.0,151.0,0.69939,1.5304308928634627,Medium,Stress_Induced
0 days 01:38:00,95.22,120.0,149.0,0.6774899999999999,1.495736070240272,Medium,Stress_Induced
0 days 01:39:00,95.11,120.0,151.0,0.6781699999999999,1.4953577059571195,Medium,Stress_Induced
0 days 01:40:00,95.11,120.0,153.0,0.6790700000000001,1.4953577059571195,Medium,Stress_Induced
0 days 01:41:00,95.11,120.0,153.0,0.6790700000000001,1.4953577059571195,Medium,Stress_Induced
0 days 01:42:00,95.11,120.0,150.0,0.67772,1.4953577059571195,Medium,Stress_Induced
0 days 01:43:00,95.11,120.0,150.0,0.67772,1.4953577059571195,Medium,Stress_Induced
0 days 01:44:00,95.11,114.0,152.0,0.65762,1.4614579914333665,Medium,Stress_Induced
0 days 01:45:00,95.0,114.0,152.0,0.6574,1.4610882981991866,Medium,Stress_Induced
0 days 01:46:00,95.0,114.0,152.0,0.6574,1.4610882981991866,Medium,Stress_Induced
0 days 01:47:00,95.11,114.0,150.0,0.65672,1.4614579914333665,Medium,Stress_Induced
0 days 01:48:00,95.0,114.0,152.0,0.6574,1.4610882981991866,Medium,Stress_Induced
0 days 01:49:00,95.0,114.0,157.0,0.65965,1.4610882981991866,Medium,Stress_Induced
0 days 01:50:00,95.0,114.0,154.0,0.6582999999999999,1.4610882981991866,Medium,Stress_Induced
0 days 01:51:00,95.0,116.0,152.0,0.6644,1.472299105016132,Medium,Stress_Induced
0 days 01:52:00,95.0,116.0,155.0,0.6657500000000001,1.472299105016132,Medium,Stress_Induced
0 days 01:53:00,94.89,116.0,155.0,0.66553,1.4719266693929367,Medium,Stress_Induced
0 days 01:54:00,95.0,116.0,153.0,0.6648499999999999,1.472299105016132,Medium,Stress_Induced
0 days 01:55:00,94.89,116.0,153.0,0.66463,1.4719266693929367,Medium,Stress_Induced
0 days 01:56:00,94.89,116.0,154.0,0.6650799999999999,1.4719266693929367,Medium,Stress_Induced
0 days 01:57:00,94.89,114.0,154.0,0.65808,1.460718698483321,Medium,Stress_Induced
0 days 01:58:00,94.89,114.0,155.0,0.6585300000000001,1.460718698483321,Medium,Stress_Induced
0 days 01:59:00,94.89,114.0,154.0,0.65808,1.460718698483321,Medium,Stress_Induced
0 days 02:00:00,94.77,114.0,154.0,0.65784,1.4603156054227386,Medium,Stress_Induced
0 days 02:01:00,94.77,114.0,154.0,0.65784,1.4603156054227386,Medium,Stress_Induced
0 days 02:02:00,94.77,114.0,153.0,0.65739,1.4603156054227386,Medium,Stress_Induced
0 days 02:03:00,94.77,114.0,150.0,0.65604,1.4603156054227386,Medium,Stress_Induced
0 days 02:04:00,94.77,111.0,149.0,0.64509,1.4436680591272906,Medium,Stress_Induced
0 days 02:05:00,94.77,111.0,151.0,0.6459900000000001,1.4436680591272906,Medium,Stress_Induced
0 days 02:06:00,94.66,111.0,151.0,0.6457700000000001,1.4433028660687222,Medium,Stress_Induced
0 days 02:07:00,94.77,111.0,151.0,0.6459900000000001,1.4436680591272906,Medium,Stress_Induced
0 days 02:08:00,94.66,111.0,151.0,0.6457700000000001,1.4433028660687222,Medium,Stress_Induced
0 days 02:09:00,94.66,111.0,149.0,0.64487,1.4433028660687222,Medium,Stress_Induced
0 days 02:10:00,94.66,120.0,150.0,0.67682,1.493810848479677,Medium,Stress_Induced
0 days 02:11:00,94.66,120.0,151.0,0.67727,1.493810848479677,Medium,Stress_Induced
0 days 02:12:00,94.66,120.0,153.0,0.67817,1.493810848479677,Medium,Stress_Induced
0 days 02:13:00,94.55,120.0,152.0,0.6775,1.4934329712043366,Medium,Stress_Induced
0 days 02:14:00,94.66,120.0,151.0,0.67727,1.493810848479677,Medium,Stress_Induced
0 days 02:15:00,94.66,120.0,151.0,0.67727,1.493810848479677,Medium,Stress_Induced
0 days 02:16:00,94.55,124.0,151.0,0.69105,1.5164388645335003,Medium,Stress_Induced
0 days 02:17:00,94.55,124.0,151.0,0.69105,1.5164388645335003,Medium,Stress_Induced
0 days 02:18:00,94.55,124.0,153.0,0.6919500000000001,1.5164388645335003,Medium,Stress_Induced
0 days 02:19:00,94.55,124.0,152.0,0.6915,1.5164388645335003,Medium,Stress_Induced
0 days 02:20:00,94.55,124.0,148.0,0.6897,1.5164388645335003,Medium,Stress_Induced
0 days 02:21:00,94.55,124.0,146.0,0.6888,1.5164388645335003,Medium,Stress_Induced
0 days 02:22:00,94.55,126.0,149.0,0.6971499999999999,1.5280743715599727,Medium,Stress_Induced
0 days 02:23:00,94.55,126.0,151.0,0.69805,1.5280743715599727,Medium,Stress_Induced
0 days 02:24:00,94.55,126.0,149.0,0.6971499999999999,1.5280743715599727,Medium,Stress_Induced
0 days 02:25:00,94.55,126.0,146.0,0.6958,1.5280743715599727,Medium,Stress_Induced
0 days 02:26:00,94.44,126.0,145.0,0.69513,1.527687826917704,Medium,Stress_Induced
0 days 02:27:00,94.44,126.0,146.0,0.69558,1.527687826917704,Medium,Stress_Induced
0 days 02:28:00,94.44,126.0,149.0,0.6969299999999999,1.527687826917704,Medium,Stress_Induced
0 days 02:29:00,94.44,126.0,147.0,0.69603,1.527687826917704,Medium,Stress_Induced
0 days 02:30:00,94.44,126.0,145.0,0.69513,1.527687826917704,Medium,Stress_Induced
0 days 02:31:00,94.44,126.0,144.0,0.69468,1.527687826917704,Medium,Stress_Induced
0 days 02:32:00,94.44,126.0,146.0,0.69558,1.527687826917704,Medium,Stress_Induced
0 days 02:33:00,94.44,129.0,151.0,0.70833,1.5453042406513287,High,Stress_Induced
0 days 02:34:00,94.44,129.0,148.0,0.70698,1.5453042406513287,High,Stress_Induced
0 days 02:35:00,94.44,129.0,144.0,0.70518,1.5453042406513287,High,Stress_Induced
0 days 02:36:00,94.32,129.0,145.0,0.70539,1.5448778057624333,High,Stress_Induced
0 days 02:37:00,94.32,129.0,145.0,0.70539,1.5448778057624333,High,Stress_Induced
0 days 02:38:00,94.32,129.0,146.0,0.70584,1.5448778057624333,High,Stress_Induced
0 days 02:39:00,94.32,127.0,146.0,0.69884,1.533114349154206,High,Stress_Induced
0 days 02:40:00,94.32,127.0,144.0,0.69794,1.533114349154206,High,Stress_Induced
0 days 02:41:00,94.32,127.0,141.0,0.6965899999999999,1.533114349154206,High,Stress_Induced
0 days 02:42:00,94.32,127.0,142.0,0.69704,1.533114349154206,High,Stress_Induced
0 days 02:43:00,94.32,127.0,141.0,0.6965899999999999,1.533114349154206,High,Stress_Induced
0 days 02:44:00,94.32,127.0,138.0,0.69524,1.533114349154206,High,Stress_Induced
0 days 02:45:00,94.32,129.0,141.0,0.7035899999999999,1.5448778057624333,High,Stress_Induced
0 days 02:46:00,94.32,129.0,144.0,0.70494,1.5448778057624333,High,Stress_Induced
0 days 02:47:00,94.21,129.0,145.0,0.70517,1.5444870104910176,High,Stress_Induced
0 days 02:48:00,94.21,129.0,147.0,0.70607,1.5444870104910176,High,Stress_Induced
0 days 02:49:00,94.21,129.0,146.0,0.70562,1.5444870104910176,High,Stress_Induced
0 days 02:50:00,94.21,129.0,141.0,0.7033699999999999,1.5444870104910176,High,Stress_Induced
0 days 02:51:00,94.21,123.0,139.0,0.68147,1.5094735361011038,Medium,Stress_Induced
0 days 02:52:00,94.21,123.0,142.0,0.68282,1.5094735361011038,Medium,Stress_Induced
0 days 02:53:00,94.21,123.0,142.0,0.68282,1.5094735361011038,Medium,Stress_Induced
0 days 02:54:00,94.21,123.0,140.0,0.68192,1.5094735361011038,Medium,Stress_Induced
0 days 02:55:00,94.21,123.0,139.0,0.68147,1.5094735361011038,Medium,Stress_Induced
0 days 02:56:00,94.21,123.0,136.0,0.6801200000000001,1.5094735361011038,Medium,Stress_Induced
0 days 02:57:00,94.21,122.0,134.0,0.67572,1.5037156186792946,Medium,Stress_Induced
0 days 02:58:00,94.21,122.0,134.0,0.67572,1.5037156186792946,Medium,Stress_Induced
0 days 02:59:00,94.21,122.0,135.0,0.67617,1.5037156186792946,Medium,Stress_Induced
0 days 03:00:00,94.21,122.0,138.0,0.67752,1.5037156186792946,Medium,Stress_Induced
0 days 03:01:00,94.21,122.0,137.0,0.67707,1.5037156186792946,Medium,Stress_Induced
0 days 03:02:00,94.21,122.0,137.0,0.67707,1.5037156186792946,Medium,Stress_Induced
0 days 03:03:00,94.21,124.0,139.0,0.68497,1.5152535013174724,Medium,Stress_Induced
0 days 03:04:00,94.21,124.0,136.0,0.68362,1.5152535013174724,Medium,Stress_Induced
0 days 03:05:00,94.1,124.0,134.0,0.6825,1.5148701998672849,Medium,Stress_Induced
0 days 03:06:00,94.21,124.0,134.0,0.68272,1.5152535013174724,Medium,Stress_Induced
0 days 03:07:00,94.21,124.0,134.0,0.68272,1.5152535013174724,Medium,Stress_Induced
0 days 03:08:00,94.1,124.0,137.0,0.68385,1.5148701998672849,Medium,Stress_Induced
0 days 03:09:00,94.1,121.0,141.0,0.67515,1.4976007331230843,Medium,Stress_Induced
0 days 03:10:00,94.1,121.0,142.0,0.6756,1.4976007331230843,Medium,Stress_Induced
0 days 03:11:00,94.1,121.0,140.0,0.6747,1.4976007331230843,Medium,Stress_Induced
0 days 03:12:00,94.1,121.0,138.0,0.6738,1.4976007331230843,Medium,Stress_Induced
0 days 03:13:00,94.1,121.0,137.0,0.67335,1.4976007331230843,Medium,Stress_Induced
0 days 03:14:00,94.1,121.0,133.0,0.67155,1.4976007331230843,Medium,Stress_Induced
0 days 03:15:00,94.1,126.0,133.0,0.6890499999999999,1.526493670662576,Medium,Stress_Induced
0 days 03:16:00,94.1,126.0,134.0,0.6895,1.526493670662576,Medium,Stress_Induced
0 days 03:17:00,94.1,126.0,134.0,0.6895,1.526493670662576,Medium,Stress_Induced
0 days 03:18:00,94.1,126.0,132.0,0.6886,1.526493670662576,Medium,Stress_Induced
0 days 03:19:00,94.1,126.0,131.0,0.6881499999999999,1.526493670662576,Medium,Stress_Induced
0 days 03:20:00,94.1,129.0,132.0,0.6990999999999999,1.544096314075928,High,Stress_Induced
0 days 03:21:00,94.1,129.0,133.0,0.69955,1.544096314075928,High,Stress_Induced
0 days 03:22:00,94.1,129.0,133.0,0.69955,1.544096314075928,High,Stress_Induced
0 days 03:23:00,94.1,129.0,134.0,0.7,1.544096314075928,High,Stress_Induced
0 days 03:24:00,94.1,129.0,133.0,0.69955,1.544096314075928,High,Stress_Induced
0 days 03:25:00,94.1,129.0,136.0,0.7009,1.544096314075928,High,Stress_Induced
0 days 03:26:00,94.1,130.0,136.0,0.7044,1.550008854291197,High,Stress_Induced
0 days 03:27:00,94.1,130.0,135.0,0.70395,1.550008854291197,High,Stress_Induced
0 days 03:28:00,94.1,130.0,137.0,0.70485,1.550008854291197,High,Stress_Induced
0 days 03:29:00,94.1,130.0,141.0,0.70665,1.550008854291197,High,Stress_Induced
0 days 03:30:00,94.1,130.0,140.0,0.7062,1.550008854291197,High,Stress_Induced
0 days 03:31:00,93.99,130.0,139.0,0.70553,1.5496167610598424,High,Stress_Induced
0 days 03:32:00,94.1,126.0,139.0,0.69175,1.526493670662576,Medium,Stress_Induced
0 days 03:33:00,93.99,126.0,140.0,0.69198,1.5261075258774572,Medium,Stress_Induced
0 days 03:34:00,93.99,126.0,139.0,0.69153,1.5261075258774572,Medium,Stress_Induced
0 days 03:35:00,94.1,126.0,139.0,0.69175,1.526493670662576,Medium,Stress_Induced
0 days 03:36:00,93.99,126.0,140.0,0.69198,1.5261075258774572,Medium,Stress_Induced
0 days 03:37:00,93.99,126.0,139.0,0.69153,1.5261075258774572,Medium,Stress_Induced
0 days 03:38:00,93.99,120.0,137.0,0.66963,1.4915107138546888,Medium,Stress_Induced
0 days 03:39:00,93.99,120.0,138.0,0.67008,1.4915107138546888,Medium,Stress_Induced
0 days 03:40:00,93.99,120.0,138.0,0.67008,1.4915107138546888,Medium,Stress_Induced
0 days 03:41:00,93.99,120.0,139.0,0.67053,1.4915107138546888,Medium,Stress_Induced
0 days 03:42:00,93.99,120.0,138.0,0.67008,1.4915107138546888,Medium,Stress_Induced
0 days 03:43:00,93.99,120.0,136.0,0.66918,1.4915107138546888,Medium,Stress_Induced
0 days 03:44:00,93.99,119.0,138.0,0.66658,1.4858213159826987,Medium,Stress_Induced
0 days 03:45:00,93.99,119.0,138.0,0.66658,1.4858213159826987,Medium,Stress_Induced
0 days 03:46:00,93.99,119.0,138.0,0.66658,1.4858213159826987,Medium,Stress_Induced
0 days 03:47:00,93.99,119.0,138.0,0.66658,1.4858213159826987,Medium,Stress_Induced
0 days 03:48:00,93.99,119.0,138.0,0.66658,1.4858213159826987,Medium,Stress_Induced
0 days 03:49:00,93.99,119.0,139.0,0.66703,1.4858213159826987,Medium,Stress_Induced
0 days 03:50:00,93.99,119.0,137.0,0.66613,1.4858213159826987,Medium,Stress_Induced
0 days 03:51:00,93.99,117.0,137.0,0.65913,1.4745075444255265,Medium,Stress_Induced
0 days 03:52:00,93.99,117.0,139.0,0.66003,1.4745075444255265,Medium,Stress_Induced
0 days 03:53:00,93.99,117.0,136.0,0.65868,1.4745075444255265,Medium,Stress_Induced
0 days 03:54:00,93.88,117.0,136.0,0.65846,1.4741345501512357,Medium,Stress_Induced
0 days 03:55:00,93.99,117.0,138.0,0.6595799999999999,1.4745075444255265,Medium,Stress_Induced
0 days 03:56:00,93.99,117.0,138.0,0.6595799999999999,1.4745075444255265,Medium,Stress_Induced
0 days 03:57:00,93.99,119.0,135.0,0.66523,1.4858213159826987,Medium,Stress_Induced
0 days 03:58:00,93.99,119.0,134.0,0.66478,1.4858213159826987,Medium,Stress_Induced
0 days 03:59:00,93.99,119.0,135.0,0.66523,1.4858213159826987,Medium,Stress_Induced
0 days 04:00:00,93.99,119.0,133.0,0.66433,1.4858213159826987,Medium,Stress_Induced
0 days 04:01:00,93.99,119.0,133.0,0.66433,1.4858213159826987,Medium,Stress_Induced
0 days 04:02:00,93.99,119.0,133.0,0.66433,1.4858213159826987,Medium,Stress_Induced
0 days 04:03:00,93.99,122.0,134.0,0.67528,1.5029549492914098,Medium,Stress_Induced
0 days 04:04:00,93.99,122.0,135.0,0.67573,1.5029549492914098,Medium,Stress_Induced
0 days 04:05:00,93.99,122.0,133.0,0.67483,1.5029549492914098,Medium,Stress_Induced
0 days 04:06:00,93.99,122.0,131.0,0.67393,1.5029549492914098,Medium,Stress_Induced
0 days 04:07:00,93.99,122.0,131.0,0.67393,1.5029549492914098,Medium,Stress_Induced
0 days 04:08:00,93.99,122.0,132.0,0.67438,1.5029549492914098,Medium,Stress_Induced
0 days 04:09:00,93.99,120.0,135.0,0.66873,1.4915107138546888,Medium,Stress_Induced
0 days 04:10:00,93.99,120.0,135.0,0.66873,1.4915107138546888,Medium,Stress_Induced
0 days 04:11:00,93.99,120.0,135.0,0.66873,1.4915107138546888,Medium,Stress_Induced
0 days 04:12:00,93.99,120.0,137.0,0.66963,1.4915107138546888,Medium,Stress_Induced
0 days 04:13:00,93.99,120.0,136.0,0.66918,1.4915107138546888,Medium,Stress_Induced
0 days 04:14:00,94.1,120.0,134.0,0.6685,1.4918881047490642,Medium,Stress_Induced
0 days 04:15:00,94.1,114.0,136.0,0.6484,1.4580670459810516,Medium,Stress_Induced
0 days 04:16:00,94.1,114.0,135.0,0.64795,1.4580670459810516,Medium,Stress_Induced
0 days 04:17:00,94.1,114.0,134.0,0.6475,1.4580670459810516,Medium,Stress_Induced
0 days 04:18:00,94.1,114.0,134.0,0.6475,1.4580670459810516,Medium,Stress_Induced
0 days 04:19:00,94.1,114.0,133.0,0.64705,1.4580670459810516,Medium,Stress_Induced
0 days 04:20:00,94.1,114.0,139.0,0.6497499999999999,1.4580670459810516,Medium,Stress_Induced
0 days 04:21:00,94.1,114.0,141.0,0.65065,1.4580670459810516,Medium,Stress_Induced
0 days 04:22:00,94.21,113.0,137.0,0.64557,1.4528727411512397,Medium,Stress_Induced
0 days 04:23:00,94.21,113.0,134.0,0.64422,1.4528727411512397,Medium,Stress_Induced
0 days 04:24:00,94.21,113.0,132.0,0.64332,1.4528727411512397,Medium,Stress_Induced
0 days 04:25:00,94.21,113.0,131.0,0.6428699999999999,1.4528727411512397,Medium,Stress_Induced
0 days 04:26:00,94.21,113.0,134.0,0.64422,1.4528727411512397,Medium,Stress_Induced
0 days 04:27:00,94.21,113.0,134.0,0.64422,1.4528727411512397,Medium,Stress_Induced
0 days 04:28:00,94.21,115.0,133.0,0.65077,1.464020510694482,Medium,Stress_Induced
0 days 04:29:00,94.21,115.0,134.0,0.65122,1.464020510694482,Medium,Stress_Induced
0 days 04:30:00,94.21,115.0,134.0,0.65122,1.464020510694482,Medium,Stress_Induced
0 days 04:31:00,94.32,115.0,136.0,0.65234,1.4643909458544728,Medium,Stress_Induced
0 days 04:32:00,94.32,115.0,135.0,0.65189,1.4643909458544728,Medium,Stress_Induced
0 days 04:33:00,94.32,115.0,133.0,0.65099,1.4643909458544728,Medium,Stress_Induced
0 days 04:34:00,94.32,115.0,133.0,0.65099,1.4643909458544728,Medium,Stress_Induced
0 days 04:35:00,94.32,107.0,134.0,0.62344,1.4202954401862689,Low,Stress_Induced
0 days 04:36:00,94.32,107.0,136.0,0.62434,1.4202954401862689,Low,Stress_Induced
0 days 04:37:00,94.32,107.0,135.0,0.6238900000000001,1.4202954401862689,Low,Stress_Induced
0 days 04:38:00,94.44,107.0,132.0,0.62278,1.4206874864218837,Low,Stress_Induced
0 days 04:39:00,94.44,107.0,129.0,0.62143,1.4206874864218837,Low,Stress_Induced
0 days 04:40:00,94.44,107.0,131.0,0.62233,1.4206874864218837,Low,Stress_Induced
0 days 04:41:00,94.44,107.0,133.0,0.6232300000000001,1.4206874864218837,Low,Stress_Induced
0 days 04:42:00,94.44,112.0,131.0,0.63983,1.4480965507341883,Medium,Stress_Induced
0 days 04:43:00,94.44,112.0,127.0,0.63803,1.4480965507341883,Medium,Stress_Induced
0 days 04:44:00,94.44,112.0,126.0,0.63758,1.4480965507341883,Medium,Stress_Induced
0 days 04:45:00,94.44,112.0,127.0,0.63803,1.4480965507341883,Medium,Stress_Induced
0 days 04:46:00,94.44,112.0,129.0,0.63893,1.4480965507341883,Medium,Stress_Induced
0 days 04:47:00,94.44,112.0,126.0,0.63758,1.4480965507341883,Medium,Stress_Induced
0 days 04:48:00,94.44,113.0,126.0,0.64108,1.453641495705404,Medium,Stress_Induced
0 days 04:49:00,94.44,113.0,125.0,0.64063,1.453641495705404,Medium,Stress_Induced
0 days 04:50:00,94.44,113.0,123.0,0.63973,1.453641495705404,Medium,Stress_Induced
0 days 04:51:00,94.44,113.0,124.0,0.64018,1.453641495705404,Medium,Stress_Induced
0 days 04:52:00,94.44,113.0,125.0,0.64063,1.453641495705404,Medium,Stress_Induced
0 days 04:53:00,94.55,113.0,125.0,0.64085,1.4540093047054128,Medium,Stress_Induced
0 days 04:54:00,94.55,113.0,126.0,0.6413,1.4540093047054128,Medium,Stress_Induced
0 days 04:55:00,94.55,110.0,125.0,0.6303500000000001,1.4374336500152827,Medium,Stress_Induced
0 days 04:56:00,94.55,110.0,124.0,0.6299,1.4374336500152827,Medium,Stress_Induced
0 days 04:57:00,94.55,110.0,125.0,0.6303500000000001,1.4374336500152827,Medium,Stress_Induced
0 days 04:58:00,94.55,110.0,124.0,0.6299,1.4374336500152827,Medium,Stress_Induced
0 days 04:59:00,94.55,110.0,125.0,0.6303500000000001,1.4374336500152827,Medium,Stress_Induced
0 days 05:00:00,94.55,110.0,122.0,0.629,1.4374336500152827,Medium,Stress_Induced
0 days 05:01:00,94.55,110.0,123.0,0.6294500000000001,1.4374336500152827,Medium,Stress_Induced
0 days 05:02:00,94.55,113.0,128.0,0.6422,1.4540093047054128,Medium,Stress_Induced
0 days 05:03:00,94.55,113.0,128.0,0.6422,1.4540093047054128,Medium,Stress_Induced
0 days 05:04:00,94.55,113.0,124.0,0.6404,1.4540093047054128,Medium,Stress_Induced
0 days 05:05:00,94.55,113.0,124.0,0.6404,1.4540093047054128,Medium,Stress_Induced
0 days 05:06:00,94.55,113.0,127.0,0.6417499999999999,1.4540093047054128,Medium,Stress_Induced
0 days 05:07:00,94.55,113.0,124.0,0.6404,1.4540093047054128,Medium,Stress_Induced
0 days 05:08:00,94.55,111.0,124.0,0.6334000000000001,1.4429377653900948,Medium,Stress_Induced
0 days 05:09:00,94.66,111.0,124.0,0.6336200000000001,1.4433028660687222,Medium,Stress_Induced
0 days 05:10:00,94.55,111.0,125.0,0.63385,1.4429377653900948,Medium,Stress_Induced
0 days 05:11:00,94.66,111.0,129.0,0.63587,1.4433028660687222,Medium,Stress_Induced
0 days 05:12:00,94.66,111.0,128.0,0.63542,1.4433028660687222,Medium,Stress_Induced
0 days 05:13:00,94.66,111.0,126.0,0.6345200000000001,1.4433028660687222,Medium,Stress_Induced
0 days 05:14:00,94.66,111.0,124.0,0.6336200000000001,1.4433028660687222,Medium,Stress_Induced
0 days 05:15:00,94.66,105.0,123.0,0.61217,1.4105832332102233,Low,Stress_Induced
0 days 05:16:00,94.66,105.0,123.0,0.61217,1.4105832332102233,Low,Stress_Induced
0 days 05:17:00,94.66,105.0,126.0,0.6135200000000001,1.4105832332102233,Low,Stress_Induced
0 days 05:18:00,94.66,105.0,124.0,0.61262,1.4105832332102233,Low,Stress_Induced
0 days 05:19:00,94.66,105.0,123.0,0.61217,1.4105832332102233,Low,Stress_Induced
0 days 05:20:00,94.66,105.0,120.0,0.61082,1.4105832332102233,Low,Stress_Induced
0 days 05:21:00,94.77,105.0,117.0,0.6096900000000001,1.4109401473530632,Low,Stress_Induced
0 days 05:22:00,94.66,114.0,118.0,0.64142,1.459946201168729,Medium,Stress_Induced
0 days 05:23:00,94.77,114.0,118.0,0.64164,1.4603156054227386,Medium,Stress_Induced
0 days 05:24:00,94.77,114.0,117.0,0.64119,1.4603156054227386,Medium,Stress_Induced
0 days 05:25:00,94.66,114.0,116.0,0.64052,1.459946201168729,Medium,Stress_Induced
0 days 05:26:00,94.66,114.0,120.0,0.64232,1.459946201168729,Medium,Stress_Induced
0 days 05:27:00,94.66,114.0,121.0,0.64277,1.459946201168729,Medium,Stress_Induced
0 days 05:28:00,94.77,125.0,118.0,0.68014,1.5230159335166498,Medium,Stress_Induced
0 days 05:29:00,94.77,125.0,117.0,0.67969,1.5230159335166498,Medium,Stress_Induced
0 days 05:30:00,94.77,125.0,118.0,0.68014,1.5230159335166498,Medium,Stress_Induced
0 days 05:31:00,94.66,125.0,117.0,0.67947,1.5226306684666315,Medium,Stress_Induced
0 days 05:32:00,94.66,125.0,118.0,0.67992,1.5226306684666315,Medium,Stress_Induced
0 days 05:33:00,94.66,129.0,120.0,0.69482,1.5460863436886725,High,Stress_Induced
0 days 05:34:00,94.66,129.0,118.0,0.69392,1.5460863436886725,High,Stress_Induced
0 days 05:35:00,94.77,129.0,114.0,0.69234,1.5464775436328675,High,Stress_Induced
0 days 05:36:00,94.66,129.0,115.0,0.69257,1.5460863436886725,High,Stress_Induced
0 days 05:37:00,94.66,129.0,115.0,0.69257,1.5460863436886725,High,Stress_Induced
0 days 05:38:00,94.66,129.0,116.0,0.69302,1.5460863436886725,High,Stress_Induced
0 days 05:39:00,94.66,131.0,118.0,0.70092,1.5579493333127592,High,Stress_Induced
0 days 05:40:00,94.66,131.0,120.0,0.70182,1.5579493333127592,High,Stress_Induced
0 days 05:41:00,94.66,131.0,121.0,0.7022700000000001,1.5579493333127592,High,Stress_Induced
0 days 05:42:00,94.66,131.0,121.0,0.7022700000000001,1.5579493333127592,High,Stress_Induced
0 days 05:43:00,94.66,131.0,120.0,0.70182,1.5579493333127592,High,Stress_Induced
0 days 05:44:00,94.66,131.0,120.0,0.70182,1.5579493333127592,High,Stress_Induced
0 days 05:45:00,94.66,122.0,122.0,0.67122,1.505272732654647,Medium,Stress_Induced
0 days 05:46:00,94.66,122.0,119.0,0.66987,1.505272732654647,Medium,Stress_Induced
0 days 05:47:00,94.66,122.0,118.0,0.66942,1.505272732654647,Medium,Stress_Induced
0 days 05:48:00,94.66,122.0,119.0,0.66987,1.505272732654647,Medium,Stress_Induced
0 days 05:49:00,94.66,122.0,119.0,0.66987,1.505272732654647,Medium,Stress_Induced
0 days 05:50:00,94.66,122.0,118.0,0.66942,1.505272732654647,Medium,Stress_Induced
0 days 05:51:00,94.55,124.0,118.0,0.6762,1.5164388645335003,Medium,Stress_Induced
0 days 05:52:00,94.66,124.0,122.0,0.67822,1.516822562896533,Medium,Stress_Induced
0 days 05:53:00,94.66,124.0,122.0,0.67822,1.516822562896533,Medium,Stress_Induced
0 days 05:54:00,94.66,124.0,121.0,0.67777,1.516822562896533,Medium,Stress_Induced
0 days 05:55:00,94.66,124.0,123.0,0.67867,1.516822562896533,Medium,Stress_Induced
0 days 05:56:00,94.55,124.0,124.0,0.6789000000000001,1.5164388645335003,Medium,Stress_Induced
0 days 05:57:00,94.66,117.0,124.0,0.65462,1.4767814575970746,Medium,Stress_Induced
0 days 05:58:00,94.55,117.0,125.0,0.65485,1.4764078881093192,Medium,Stress_Induced
0 days 05:59:00,94.55,117.0,125.0,0.65485,1.4764078881093192,Medium,Stress_Induced
0 days 06:00:00,94.55,117.0,123.0,0.65395,1.4764078881093192,Medium,Stress_Induced
0 days 06:01:00,94.55,117.0,124.0,0.6544,1.4764078881093192,Medium,Stress_Induced
0 days 06:02:00,94.55,117.0,126.0,0.6553,1.4764078881093192,Medium,Stress_Induced
0 days 06:03:00,94.55,117.0,127.0,0.6557499999999999,1.4764078881093192,Medium,Stress_Induced
0 days 06:04:00,94.55,119.0,126.0,0.6623,1.4877362408426948,Medium,Stress_Induced
0 days 06:05:00,94.55,119.0,123.0,0.66095,1.4877362408426948,Medium,Stress_Induced
